0 0.465256 0.621167 0.0608095 0.374766
0 0.432786 0.573243 0.0398979 0.281504
0 0.367288 0.563674 0.0290059 0.265884
2 0.90221 0.553673 0.0827135 0.103463
2 0.826271 0.546783 0.0809179 0.103123
0 0.502482 0.611596 0.0326178 0.33857
0 0.52634 0.619036 0.025843 0.280576
0 0.389616 0.586867 0.034504 0.3014
0 0.228284 0.481888 0.0135974 0.125039
2 0.951359 0.551837 0.0552353 0.09464
0 0.205805 0.47806 0.0132444 0.134012
0 0.218359 0.490608 0.0157965 0.158345
2 0.0827248 0.50391 0.035993 0.0837758
1 0.0347992 0.515329 0.0310953 0.107138
2 0.254776 0.472286 0.0296091 0.061191
0 0.164097 0.472983 0.0122098 0.118695
