0 0.401594 0.572432 0.0328453 0.290885
0 0.480148 0.581916 0.04081 0.309959
2 0.902507 0.554023 0.0823331 0.104114
2 0.826473 0.546122 0.0811543 0.102161
0 0.19696 0.50336 0.0184725 0.178938
0 0.220895 0.482518 0.0166484 0.146723
0 0.434382 0.595338 0.0343977 0.333046
0 0.529525 0.659292 0.0181647 0.344277
2 0.95183 0.553005 0.0553287 0.0965294
2 0.503548 0.49878 0.0285217 0.0648088
0 0.754865 0.700187 0.0228054 0.325318
0 0.44494 0.527161 0.0257337 0.169565
0 0.443954 0.556437 0.0269193 0.254037
1 0.0348516 0.514863 0.0311905 0.107762
2 0.951519 0.537053 0.0553345 0.0670498
