0 0.889829 0.670056 0.0838192 0.552788
1 0.198268 0.682401 0.0534808 0.245508
0 0.117189 0.500607 0.0199909 0.171542
0 0.141745 0.501205 0.0245969 0.174116
2 0.504795 0.50863 0.0292379 0.0823879
1 0.781952 0.705373 0.0734246 0.247622
2 0.833338 0.543009 0.0682988 0.0955458
0 0.975918 0.701857 0.0481634 0.525949
2 0.952048 0.568859 0.0664079 0.125185
0 0.76463 0.603517 0.0416523 0.37466
1 0.0346618 0.514906 0.0313462 0.108891
0 0.353463 0.481699 0.00985007 0.0775956
2 0.959205 0.564372 0.0493622 0.120636
0 0.15499 0.4797 0.0119365 0.0983514
1 0.227696 0.496808 0.0281241 0.062292
