0 0.489695 0.616045 0.0450289 0.335779
0 0.453388 0.611001 0.0383119 0.36595
2 0.902135 0.553986 0.0828184 0.104126
2 0.826222 0.546823 0.0808583 0.103235
0 0.520457 0.593532 0.0328554 0.332237
0 0.420873 0.571644 0.0257995 0.275175
0 0.2072 0.478608 0.013768 0.126525
0 0.359186 0.561953 0.0240241 0.269557
0 0.375053 0.581794 0.0311772 0.304584
2 0.951414 0.553289 0.0551009 0.0973108
0 0.221059 0.490528 0.0174103 0.157832
0 0.231313 0.481708 0.0115072 0.127745
0 0.393662 0.571143 0.0253919 0.24764
1 0.0348483 0.515081 0.0311651 0.107565
0 0.381876 0.576867 0.0468158 0.287288
0 0.164307 0.473727 0.0132212 0.121411
0 0.389212 0.570736 0.035 0.280514
2 0.0827475 0.503583 0.0359587 0.0844442
