0 0.472964 0.600882 0.0384234 0.284587
0 0.401883 0.603911 0.0442704 0.332069
2 0.90247 0.553946 0.0818835 0.103903
2 0.826355 0.54597 0.0815575 0.102452
0 0.388088 0.556187 0.0239535 0.248073
0 0.440375 0.604495 0.0288417 0.290382
2 0.504787 0.508139 0.0304262 0.0841547
2 0.951522 0.553245 0.0552214 0.0972386
0 0.342313 0.574057 0.0277805 0.2828
0 0.364254 0.561398 0.0247698 0.246628
0 0.233717 0.498546 0.0177832 0.156738
0 0.340989 0.572992 0.0434298 0.277364
0 0.215338 0.473871 0.0153138 0.12421
0 0.32956 0.564727 0.0330367 0.259903
0 0.166392 0.471727 0.0136971 0.118459
1 0.034862 0.515008 0.0309628 0.107738
