0 0.447426 0.573141 0.03638 0.293943
0 0.498942 0.622335 0.038064 0.404106
2 0.902279 0.553762 0.0823948 0.103731
0 0.522085 0.612461 0.0329102 0.312644
2 0.826491 0.546163 0.0818005 0.102856
0 0.37897 0.572631 0.0242816 0.285482
0 0.404248 0.590593 0.030231 0.29565
0 0.413169 0.566747 0.0236708 0.259658
0 0.409535 0.581829 0.0288081 0.284965
2 0.95148 0.553185 0.0545464 0.0963823
0 0.226164 0.483059 0.0143025 0.127283
0 0.209028 0.503661 0.0186505 0.17285
0 0.164146 0.475663 0.0125479 0.109459
2 0.253041 0.473373 0.0329681 0.0588056
2 0.477646 0.491614 0.0235565 0.0652838
1 0.034832 0.515001 0.0310321 0.107831
