0 0.768275 0.683638 0.0489641 0.552457
0 0.137711 0.515282 0.0256752 0.210855
0 0.970261 0.675181 0.0594789 0.578266
0 0.527426 0.58199 0.0241316 0.318474
0 0.497693 0.591324 0.0294859 0.329532
2 0.952925 0.566172 0.0576984 0.121309
0 0.215896 0.486044 0.0182531 0.148778
0 0.812805 0.681018 0.0661198 0.499142
1 0.893445 0.721097 0.135687 0.275375
2 0.913023 0.564461 0.0607603 0.124902
0 0.456176 0.509065 0.0110824 0.102648
1 0.441532 0.564721 0.0222868 0.115523
0 0.185517 0.513673 0.0142661 0.095053
0 0.794795 0.680139 0.101181 0.536152
0 0.413514 0.539304 0.0171047 0.170978
0 0.876727 0.577356 0.0781205 0.382205
0 0.818188 0.569847 0.0384865 0.255316
1 0.034682 0.514469 0.0314231 0.108503
1 0.413063 0.57631 0.0174578 0.105838
0 0.444123 0.49576 0.0133852 0.0896175
0 0.186864 0.500609 0.0150977 0.120296
0 0.799686 0.675395 0.0428708 0.495411
