0 0.491382 0.596876 0.0361538 0.299534
0 0.456549 0.614863 0.0495636 0.303772
2 0.902332 0.553839 0.082193 0.103627
0 0.420386 0.603988 0.0359154 0.353935
2 0.826562 0.546001 0.0815552 0.10232
0 0.401054 0.567537 0.0276389 0.267858
0 0.372714 0.557293 0.0198658 0.240199
0 0.34887 0.576991 0.0296422 0.289824
2 0.951412 0.553454 0.0549626 0.0970789
0 0.344002 0.567071 0.0274951 0.275225
0 0.359257 0.562652 0.0193801 0.249158
0 0.231535 0.49731 0.0164818 0.15533
0 0.211571 0.479614 0.0154178 0.120318
0 0.438756 0.48491 0.0101818 0.0738344
2 0.254793 0.473517 0.0304759 0.0618268
2 0.0827242 0.503852 0.0360462 0.0838336
1 0.0348473 0.51588 0.0310059 0.105898
