0 0.116331 0.502673 0.0303282 0.189114
0 0.0889193 0.50057 0.0286079 0.190891
1 0.935583 0.706647 0.12845 0.30724
1 0.824354 0.590439 0.0758329 0.14739
2 0.889007 0.547225 0.0601788 0.0939491
2 0.50499 0.50821 0.0280708 0.0824523
2 0.833899 0.538486 0.0655533 0.094226
1 0.934916 0.74783 0.128007 0.21388
1 0.03428 0.514821 0.0319994 0.110995
0 0.35304 0.481181 0.0108705 0.0797645
1 0.212203 0.491384 0.042055 0.0721286
0 0.156782 0.481012 0.0115248 0.0973878
1 0.221751 0.492042 0.0332013 0.0702893
2 0.846179 0.542155 0.0419239 0.0888694
0 0.826769 0.561232 0.0227223 0.148993
