0 0.396188 0.586363 0.0393605 0.241756
0 0.494903 0.577997 0.0295208 0.283294
0 0.291837 0.561368 0.0320456 0.250361
2 0.902219 0.554008 0.0825893 0.104274
0 0.457279 0.584475 0.0348425 0.303325
2 0.826508 0.546086 0.0815509 0.102677
0 0.245086 0.482448 0.0120929 0.112475
0 0.36653 0.583809 0.0266839 0.271971
0 0.219956 0.473955 0.0155802 0.12744
0 0.43251 0.50112 0.0123097 0.12085
0 0.328815 0.577522 0.0267397 0.294396
0 0.256358 0.489373 0.0140144 0.133428
2 0.951265 0.553532 0.054963 0.0977052
0 0.163303 0.472877 0.0141592 0.119017
0 0.346931 0.548 0.0180256 0.23369
0 0.312937 0.540602 0.0157464 0.180001
2 0.506802 0.508047 0.0245278 0.0838265
