0 0.400283 0.587218 0.0312821 0.242987
0 0.29359 0.558767 0.0314031 0.260568
0 0.334539 0.579471 0.0367043 0.305624
0 0.465627 0.584356 0.0284118 0.311817
0 0.371902 0.587202 0.0357489 0.266054
0 0.498341 0.577149 0.0275873 0.289676
2 0.902101 0.55378 0.0826187 0.10369
2 0.826183 0.546769 0.0808382 0.103483
0 0.435465 0.50201 0.0143324 0.120871
0 0.244069 0.482316 0.0124007 0.114657
0 0.219373 0.475425 0.0150415 0.125763
0 0.253412 0.494414 0.0166396 0.142883
0 0.163416 0.473092 0.0139576 0.117751
2 0.951272 0.552327 0.0544212 0.0951006
0 0.31189 0.545326 0.0201029 0.208401
0 0.315271 0.542807 0.0180716 0.205716
1 0.0348176 0.515013 0.0310076 0.107651
