1 0.241995 0.637476 0.0430643 0.218679
0 0.149295 0.50027 0.026299 0.175537
0 0.837798 0.674529 0.0923276 0.543282
0 0.968432 0.674975 0.0561186 0.579859
2 0.505073 0.508307 0.0291603 0.0820017
0 0.124219 0.501059 0.0218553 0.167178
1 0.935573 0.711889 0.12836 0.362584
1 0.760371 0.738487 0.0334742 0.184034
0 0.928036 0.608852 0.0514169 0.408953
0 0.872473 0.641654 0.0330674 0.49954
1 0.0346323 0.515096 0.0314272 0.108172
2 0.84226 0.548413 0.11504 0.101979
2 0.810407 0.548422 0.0505024 0.100998
0 0.35321 0.482172 0.00941946 0.0757902
