0 0.347893 0.587163 0.0422281 0.304958
0 0.417736 0.591468 0.0324238 0.245508
0 0.484153 0.591517 0.0481955 0.318846
0 0.510881 0.586757 0.0399878 0.289696
2 0.902165 0.5539 0.0825164 0.103911
2 0.826608 0.546108 0.0817934 0.102787
0 0.303529 0.562046 0.0398168 0.259469
0 0.385916 0.593039 0.024215 0.255208
0 0.328766 0.550343 0.0233171 0.222351
0 0.217404 0.475016 0.0158248 0.121241
0 0.441167 0.503016 0.0135705 0.118469
0 0.163051 0.472623 0.013746 0.116402
2 0.951157 0.551993 0.0540834 0.0941404
0 0.239421 0.481257 0.0119161 0.112367
0 0.292572 0.55949 0.0209859 0.249222
1 0.0348144 0.514283 0.0311267 0.109509
0 0.250894 0.496183 0.015061 0.144131
0 0.247362 0.487859 0.0133251 0.12629
