0 0.906485 0.658414 0.0743545 0.519229
0 0.471577 0.584866 0.0281342 0.313768
1 0.782654 0.682954 0.0597783 0.213783
0 0.156501 0.513264 0.0217845 0.205047
0 0.21697 0.485653 0.0173563 0.148201
0 0.765977 0.672379 0.0453145 0.456657
0 0.501022 0.583311 0.0261211 0.300964
0 0.764079 0.747251 0.0410426 0.307096
2 0.824531 0.543972 0.0850649 0.0983882
0 0.523342 0.615597 0.0300897 0.384695
2 0.880226 0.549966 0.0428612 0.0967983
0 0.520023 0.582576 0.0357517 0.316213
0 0.937213 0.732036 0.061036 0.380349
0 0.402011 0.532706 0.0147099 0.161343
0 0.188615 0.501543 0.0123899 0.113743
0 0.428526 0.505777 0.0153662 0.125889
0 0.939134 0.796863 0.0611183 0.244924
2 0.888891 0.552792 0.0593013 0.0998355
0 0.469095 0.564409 0.0254548 0.240223
0 0.525792 0.634521 0.0225651 0.342645
0 0.426902 0.523318 0.0178074 0.14989
0 0.452596 0.507985 0.0105166 0.0980968
2 0.952581 0.553858 0.0499132 0.0969399
0 0.189265 0.490463 0.0151248 0.140926
0 0.413158 0.493682 0.0108207 0.0899075
0 0.36035 0.489564 0.0101403 0.0936286
0 0.931198 0.667088 0.0810848 0.515921
