0 0.927912 0.707111 0.143904 0.585779
0 0.0985101 0.521619 0.0280801 0.23332
2 0.826468 0.5465 0.0815836 0.103296
1 0.490263 0.586389 0.026137 0.142247
2 0.891287 0.554556 0.0618134 0.105593
0 0.205967 0.492788 0.0230138 0.145482
1 0.437549 0.591838 0.0231277 0.158107
0 0.179921 0.495495 0.0159591 0.133013
0 0.953 0.707988 0.0939999 0.56413
0 0.468415 0.513342 0.0135762 0.117108
0 0.395634 0.506865 0.0106212 0.0994029
1 0.231123 0.494696 0.0326798 0.0665124
0 0.155755 0.474238 0.0128323 0.107456
0 0.381389 0.50043 0.00900166 0.0972894
0 0.439743 0.498639 0.0210608 0.101007
2 0.50697 0.50985 0.0243904 0.0906222
