0 0.942572 0.699315 0.114562 0.599962
2 0.826494 0.546287 0.0816426 0.103157
0 0.09164 0.521579 0.0293661 0.234978
2 0.898378 0.558565 0.0762286 0.113714
1 0.441468 0.592084 0.0249859 0.166743
1 0.495874 0.586988 0.0282408 0.147471
0 0.204721 0.491911 0.0223684 0.150619
0 0.178304 0.496595 0.0186277 0.13748
0 0.469817 0.5164 0.0123699 0.120448
0 0.973518 0.70592 0.0520572 0.579067
0 0.393713 0.50955 0.0114897 0.106298
0 0.155777 0.472614 0.0132921 0.111121
1 0.228881 0.493982 0.0357855 0.0698154
1 0.0345361 0.514971 0.031769 0.112841
2 0.254465 0.470161 0.028224 0.0669429
