0 0.791904 0.675997 0.0842115 0.530006
0 0.0241866 0.55111 0.0289588 0.244578
0 0.765424 0.626761 0.04762 0.470523
2 0.902455 0.554074 0.0819789 0.104176
1 0.523378 0.648128 0.0308636 0.180718
0 0.157577 0.496179 0.0226223 0.159751
0 0.181417 0.498424 0.017947 0.163031
2 0.842427 0.545242 0.0490841 0.0924869
0 0.357762 0.529702 0.0170806 0.155926
2 0.952091 0.553069 0.0563764 0.0966781
2 0.5024 0.510344 0.0280891 0.0864339
1 0.214533 0.488765 0.0388788 0.0797944
1 0.222504 0.489248 0.041397 0.0767204
0 0.0397329 0.504051 0.020909 0.130441
2 0.253869 0.472405 0.0283532 0.0610985
