2 0.82593 0.546354 0.0810234 0.102689
0 0.1054 0.504691 0.0250457 0.199251
2 0.505098 0.508445 0.0286812 0.0829747
1 0.878875 0.600428 0.0630928 0.134483
0 0.0750145 0.502393 0.0250373 0.19307
2 0.904736 0.553853 0.076942 0.10101
1 0.0332042 0.515646 0.0341476 0.109463
2 0.952163 0.554128 0.0562935 0.0982205
0 0.352646 0.480741 0.0116538 0.0704253
1 0.211686 0.491926 0.0431881 0.0712323
1 0.219343 0.493766 0.0300194 0.0673342
1 0.0249679 0.51893 0.0493292 0.109356
0 0.879436 0.573544 0.0265731 0.176128
2 0.951254 0.540539 0.0521733 0.0686374
