0 0.820399 0.703098 0.116914 0.56897
0 0.126882 0.52076 0.0274033 0.213095
0 0.51531 0.59332 0.0444025 0.336752
1 0.951329 0.727662 0.0973412 0.280466
2 0.90118 0.56366 0.0860788 0.125181
1 0.456907 0.569404 0.0235802 0.122209
0 0.214064 0.488435 0.0155834 0.148927
0 0.853355 0.6566 0.0373234 0.439171
0 0.184866 0.512604 0.0147089 0.0963997
1 0.418366 0.575207 0.0180865 0.131698
0 0.420398 0.499253 0.0141931 0.0946273
1 0.951168 0.751664 0.0976643 0.401703
0 0.40361 0.501615 0.0106758 0.0935647
1 0.0347092 0.51476 0.0313309 0.109801
1 0.231707 0.498958 0.0296055 0.0604925
2 0.499201 0.510715 0.0225416 0.0879982
1 0.414811 0.580186 0.026312 0.130015
