0 0.0867355 0.510401 0.0338909 0.203447
0 0.0435035 0.502422 0.0295002 0.213173
2 0.902924 0.554033 0.083733 0.104652
2 0.826435 0.546221 0.0817739 0.102172
2 0.504772 0.508515 0.0289852 0.0831876
0 0.966761 0.556027 0.0289466 0.125672
2 0.959138 0.55467 0.0680901 0.104164
2 0.944272 0.552221 0.0429794 0.0979629
1 0.212264 0.489491 0.0426541 0.0761103
0 0.969042 0.583801 0.0348511 0.182605
0 0.352675 0.481823 0.00977727 0.079436
1 0.219384 0.492206 0.0303885 0.0703622
0 0.156407 0.480096 0.011367 0.0981561
