0 0.865099 0.689722 0.0846605 0.563727
0 0.824969 0.631971 0.0466476 0.498656
0 0.174532 0.49546 0.0217352 0.167376
0 0.148843 0.493462 0.023761 0.173193
2 0.504945 0.508039 0.0289101 0.0822582
0 0.756432 0.617669 0.0256283 0.418941
2 0.921209 0.557209 0.0421536 0.0993051
1 0.21081 0.488813 0.0458623 0.0792533
2 0.952433 0.55519 0.0540101 0.0951213
1 0.218018 0.491301 0.0331487 0.0724656
1 0.336104 0.570851 0.0204533 0.119975
1 0.0345885 0.514584 0.0313523 0.108268
2 0.951464 0.5416 0.050974 0.0713404
0 0.337432 0.541804 0.019381 0.165782
2 0.446106 0.474095 0.00971032 0.025766
