0 0.878421 0.688827 0.0628826 0.565888
0 0.765387 0.631303 0.0431945 0.44606
0 0.836655 0.638073 0.0515358 0.500794
0 0.171542 0.497803 0.0252322 0.166423
0 0.146172 0.494 0.0204689 0.168631
2 0.504701 0.508361 0.0296299 0.0830982
1 0.21245 0.485091 0.0429853 0.0865217
1 0.0346069 0.51467 0.0315666 0.108831
1 0.330764 0.570702 0.019623 0.123651
2 0.255212 0.469711 0.0290953 0.0667855
1 0.222434 0.485618 0.0414679 0.0842913
0 0.332555 0.535433 0.0174995 0.17095
2 0.446132 0.473892 0.00995387 0.0259963
0 0.15693 0.497004 0.0179337 0.162424
2 0.947747 0.557088 0.0650618 0.100969
