0 0.927901 0.699138 0.103319 0.593886
0 0.871983 0.640599 0.0800129 0.511096
0 0.778005 0.649828 0.0701547 0.49184
1 0.305952 0.583241 0.0283485 0.163745
0 0.163591 0.498276 0.0192762 0.16674
2 0.504898 0.508035 0.0290882 0.0825577
0 0.137194 0.496262 0.0205341 0.170687
0 0.14092 0.49352 0.0218542 0.171357
2 0.835053 0.546254 0.0614445 0.101236
1 0.0347695 0.51454 0.031535 0.108558
1 0.219786 0.494125 0.0290663 0.066217
0 0.798786 0.611147 0.0370027 0.376737
2 0.846128 0.54702 0.0399127 0.091837
1 0.212366 0.492559 0.0414205 0.0696495
2 0.446346 0.473978 0.00981085 0.0260298
