0 0.518281 0.624524 0.044432 0.414689
0 0.458462 0.580138 0.0456432 0.298934
0 0.419569 0.597745 0.0409927 0.31737
2 0.902226 0.553805 0.0824596 0.103833
0 0.390191 0.574124 0.0280088 0.280674
2 0.826458 0.546182 0.0816843 0.102147
2 0.503878 0.512001 0.0279417 0.0898639
2 0.951543 0.55244 0.054941 0.0955271
0 0.221951 0.483886 0.0150049 0.135756
0 0.202168 0.498054 0.0198163 0.155272
0 0.225325 0.486424 0.0154306 0.129048
2 0.0827174 0.503685 0.0360677 0.0843773
0 0.43888 0.501865 0.0124025 0.103225
1 0.0348396 0.515462 0.031066 0.106626
