0 0.856783 0.686756 0.0972028 0.556705
0 0.808788 0.627162 0.0610578 0.476135
2 0.909109 0.555978 0.0673538 0.101695
2 0.504931 0.50854 0.0284334 0.0840145
0 0.33997 0.535286 0.0191701 0.175582
0 0.176453 0.499459 0.0192308 0.161859
0 0.151011 0.492354 0.0233516 0.165248
0 0.00840261 0.554445 0.0166683 0.26413
2 0.952426 0.553373 0.0564774 0.0969254
1 0.211319 0.49179 0.045156 0.0723734
2 0.949603 0.53832 0.0537111 0.0728403
1 0.219084 0.493471 0.0311354 0.0671861
1 0.224602 0.491367 0.0397925 0.0714333
2 0.254578 0.470231 0.0287194 0.0651615
1 0.0340912 0.514903 0.0321883 0.109632
