0 0.911396 0.684627 0.110566 0.575126
1 0.159776 0.72907 0.0716872 0.264769
1 0.797442 0.708584 0.108121 0.235195
0 0.111729 0.497325 0.0232286 0.189141
2 0.504969 0.508967 0.0289052 0.0832784
0 0.135836 0.512507 0.025242 0.202801
2 0.834891 0.542136 0.0641144 0.0947355
1 0.0347067 0.514801 0.031485 0.108686
2 0.882479 0.550451 0.0465645 0.0984252
2 0.893233 0.551256 0.0676586 0.0997609
0 0.353671 0.482604 0.0111429 0.077134
1 0.222343 0.491405 0.0338642 0.0719647
1 0.212348 0.491285 0.0417975 0.0720167
0 0.177252 0.485975 0.021933 0.081315
2 0.957747 0.557936 0.0426011 0.0989199
0 0.929074 0.688302 0.0636929 0.577154
