0 0.371381 0.596352 0.0348497 0.318262
0 0.441874 0.590257 0.0403479 0.264932
0 0.511777 0.593797 0.0514464 0.325171
2 0.902509 0.553978 0.0817882 0.104025
2 0.826419 0.546196 0.0817743 0.102768
0 0.405548 0.588114 0.0312768 0.287656
0 0.31586 0.565437 0.0353261 0.261702
0 0.342196 0.558054 0.0310058 0.24673
0 0.215836 0.478406 0.0158678 0.122736
0 0.45886 0.50618 0.0151126 0.12843
2 0.951652 0.55365 0.0547241 0.0982035
0 0.336075 0.55121 0.0260422 0.239886
0 0.164798 0.476548 0.012788 0.11211
0 0.242316 0.499319 0.016349 0.147868
0 0.23913 0.484799 0.0145696 0.126223
1 0.0348447 0.514478 0.0312035 0.108258
