0 0.495403 0.581246 0.0331606 0.323374
0 0.453556 0.599558 0.0348015 0.349665
2 0.90238 0.553356 0.0822315 0.102309
0 0.417427 0.575911 0.0291078 0.294638
0 0.795787 0.643083 0.069825 0.432532
0 0.220542 0.483842 0.0172661 0.146222
0 0.76544 0.637533 0.0443305 0.464915
0 0.39076 0.516177 0.015153 0.120011
2 0.833115 0.542353 0.0673433 0.0937784
2 0.951882 0.552635 0.0566097 0.095581
0 0.187605 0.509612 0.0192947 0.171531
2 0.848141 0.549175 0.0392085 0.0792115
2 0.0827523 0.503618 0.0361126 0.0843675
