0 0.508718 0.586213 0.0423957 0.276819
0 0.478852 0.591902 0.0439789 0.310681
0 0.378406 0.587533 0.0302079 0.267295
0 0.342712 0.589087 0.0436717 0.301653
0 0.413861 0.587547 0.0309407 0.244762
2 0.902142 0.553582 0.0826069 0.103519
2 0.82621 0.546795 0.0807379 0.103401
0 0.293704 0.558239 0.0259673 0.245491
0 0.217716 0.477003 0.0163842 0.121835
0 0.439752 0.501985 0.0126738 0.118544
0 0.163031 0.47246 0.0138659 0.116244
0 0.324423 0.546939 0.0216252 0.216558
0 0.251907 0.494979 0.0151635 0.144639
2 0.951001 0.551698 0.0535515 0.0943055
0 0.240556 0.479686 0.011437 0.113349
0 0.307751 0.542286 0.0183709 0.210328
0 0.302328 0.563723 0.0248511 0.260255
0 0.307194 0.56229 0.0266202 0.251853
2 0.950969 0.535774 0.0539737 0.0647426
