0 0.968529 0.684783 0.0629422 0.584576
1 0.0277591 0.76173 0.0555182 0.463439
0 0.0952353 0.499601 0.0218021 0.19569
0 0.124747 0.499816 0.0208276 0.189774
2 0.505235 0.508655 0.0287743 0.0833798
1 0.895991 0.728158 0.147071 0.27217
1 0.801967 0.593106 0.070461 0.139159
2 0.825534 0.543803 0.0718071 0.0975145
2 0.94897 0.560686 0.0463539 0.11259
1 0.212217 0.490765 0.0421581 0.0739534
1 0.218946 0.492861 0.0305978 0.0693873
0 0.352909 0.482247 0.0103798 0.0797348
2 0.836048 0.543237 0.05097 0.0925302
