0 0.955961 0.694787 0.0879667 0.60643
0 0.0904487 0.524756 0.029188 0.236514
2 0.902532 0.55644 0.0852432 0.110207
1 0.499503 0.590476 0.0295046 0.160755
2 0.826472 0.546239 0.0818127 0.103346
0 0.203175 0.48663 0.0211344 0.16141
1 0.445608 0.600875 0.0261303 0.149498
0 0.177169 0.493418 0.018702 0.142743
0 0.471198 0.520424 0.0137361 0.116405
0 0.156734 0.474081 0.0138581 0.11124
2 0.939098 0.543051 0.033054 0.0805279
2 0.254917 0.468643 0.0276445 0.0695744
1 0.227255 0.492355 0.0379691 0.0718087
1 0.0345721 0.51528 0.0317158 0.111368
0 0.392373 0.51089 0.0103546 0.0999061
1 0.221856 0.494559 0.0255566 0.0659449
0 0.142243 0.472612 0.0135641 0.103972
