0 0.0404564 0.533834 0.0345408 0.266007
0 0.765636 0.661002 0.0450824 0.509101
2 0.902478 0.553904 0.0822909 0.103799
1 0.513299 0.645267 0.048498 0.189919
2 0.829022 0.545492 0.0750156 0.0995845
0 0.188516 0.498415 0.0212989 0.153864
2 0.951876 0.552986 0.0558808 0.0967637
0 0.367887 0.534198 0.0142006 0.121415
0 0.16421 0.508839 0.0146212 0.12991
1 0.218504 0.493317 0.0329548 0.0694623
2 0.252916 0.473615 0.0310466 0.0593671
0 0.161966 0.500107 0.0178125 0.143378
0 0.379939 0.516813 0.00738144 0.0789006
