0 0.037455 0.536192 0.0345385 0.263238
0 0.775886 0.668448 0.0627548 0.525765
1 0.517442 0.644943 0.044372 0.207311
2 0.902422 0.553827 0.0823212 0.103597
0 0.187489 0.497414 0.0183394 0.156147
2 0.951901 0.552922 0.0557958 0.0959181
2 0.829941 0.54407 0.0735822 0.0951755
0 0.161134 0.505165 0.0169798 0.136953
0 0.365333 0.511284 0.01273 0.115351
0 0.16358 0.510584 0.0156927 0.130626
1 0.219667 0.49431 0.0305599 0.0673101
2 0.846199 0.546855 0.0423481 0.090203
0 0.381144 0.505902 0.00862381 0.0941521
