0 0.919264 0.699409 0.0962894 0.582928
0 0.854341 0.645223 0.0781052 0.485924
0 0.775518 0.640566 0.0614069 0.43979
0 0.168954 0.495987 0.0222689 0.167051
0 0.140632 0.494816 0.0266167 0.171232
2 0.504918 0.507724 0.0290818 0.082632
1 0.31997 0.582122 0.0233313 0.140552
0 0.75689 0.631189 0.0251631 0.461007
2 0.255211 0.470011 0.0287584 0.065354
1 0.0347288 0.514439 0.0315485 0.108748
1 0.213235 0.490973 0.0409212 0.0735454
1 0.219009 0.493225 0.0310976 0.0683372
2 0.81436 0.545058 0.0580868 0.0997792
2 0.446639 0.47341 0.00995327 0.0264356
