0 0.446736 0.584673 0.0439106 0.301637
0 0.388311 0.58525 0.0286175 0.239149
2 0.902235 0.554178 0.0825184 0.104509
2 0.826494 0.546039 0.0817453 0.102732
0 0.483441 0.585729 0.0375204 0.271643
0 0.245804 0.480747 0.0134425 0.118529
0 0.286701 0.557222 0.0304596 0.24557
0 0.357553 0.589949 0.0321183 0.25901
0 0.320307 0.577347 0.0303951 0.291154
0 0.258054 0.490132 0.0124534 0.132
2 0.951468 0.551773 0.0552425 0.0946601
0 0.339557 0.563105 0.0294224 0.238432
0 0.221272 0.472446 0.0162513 0.119603
0 0.318273 0.558648 0.0396888 0.242459
0 0.428938 0.499061 0.0112514 0.112535
2 0.505235 0.508703 0.0294263 0.0861748
0 0.309583 0.551242 0.0279593 0.233489
0 0.163535 0.472111 0.0128515 0.119249
0 0.324047 0.548288 0.0287964 0.21852
1 0.0347904 0.515516 0.0311597 0.106871
