0 0.377942 0.575585 0.0413974 0.272842
0 0.413061 0.575479 0.0348017 0.222572
0 0.326174 0.560465 0.0235491 0.222849
2 0.902295 0.553659 0.0825409 0.103565
0 0.26057 0.56101 0.0354643 0.258391
2 0.825418 0.545421 0.0824104 0.101963
0 0.765906 0.636097 0.0446525 0.451708
0 0.29666 0.559132 0.0227026 0.243437
0 0.244888 0.534885 0.0206083 0.203489
2 0.505013 0.508678 0.0289505 0.083751
2 0.951281 0.552003 0.0547364 0.0947219
0 0.281666 0.534502 0.0156221 0.195219
2 0.0827845 0.504133 0.0360994 0.0829697
0 0.146452 0.471251 0.0106198 0.0691209
