2 0.902167 0.554478 0.0833258 0.105487
2 0.826584 0.546263 0.082072 0.103004
0 0.0554063 0.512769 0.029181 0.223875
2 0.505116 0.508362 0.0286529 0.0828467
0 0.0227247 0.529171 0.0300848 0.250613
2 0.951947 0.553716 0.0556696 0.0984851
0 0.00662686 0.499864 0.0132537 0.243585
0 0.34771 0.484263 0.0104196 0.0812858
0 0.156605 0.477455 0.0121052 0.103809
0 0.00954619 0.508273 0.0190924 0.252266
1 0.212444 0.489567 0.0418137 0.0760272
1 0.222433 0.490502 0.035125 0.0736718
2 0.256144 0.471233 0.0288824 0.0629999
