0 0.870821 0.671997 0.0892406 0.519821
0 0.402241 0.570844 0.0324596 0.279141
0 0.350128 0.575153 0.0314693 0.220953
0 0.439902 0.575641 0.0288138 0.251333
0 0.287397 0.565575 0.0322043 0.269534
2 0.817172 0.546695 0.0630664 0.103221
2 0.908303 0.555323 0.0699749 0.105045
2 0.504912 0.508605 0.0289335 0.0847439
0 0.323401 0.570992 0.021956 0.242678
0 0.163032 0.470783 0.0123126 0.11343
0 0.26486 0.547616 0.0264936 0.230566
0 0.232123 0.480826 0.0106842 0.105369
2 0.95176 0.553628 0.0557435 0.0965177
0 0.269444 0.54828 0.0219426 0.233315
0 0.260869 0.543239 0.0225467 0.230375
0 0.319642 0.55957 0.0206671 0.226419
0 0.148233 0.465152 0.0136321 0.0873145
0 0.3157 0.548577 0.0241057 0.213144
1 0.0347953 0.515185 0.0311837 0.107124
2 0.895086 0.553714 0.0433767 0.0974111
0 0.247606 0.47963 0.0119842 0.103812
0 0.309406 0.544569 0.019757 0.222331
