0 0.801582 0.676668 0.0651945 0.538489
0 0.778458 0.618327 0.0407213 0.460505
2 0.90269 0.553721 0.0816456 0.103015
0 0.354527 0.53066 0.0185217 0.159877
0 0.0191088 0.539651 0.034018 0.282829
2 0.503061 0.509139 0.0268755 0.0819004
0 0.157263 0.49682 0.0224207 0.157325
0 0.179655 0.496647 0.018206 0.166594
2 0.951705 0.552733 0.0561899 0.0964394
2 0.850112 0.545156 0.032972 0.0806742
1 0.214438 0.487854 0.03894 0.0807762
2 0.254144 0.472598 0.0287692 0.0598369
1 0.527163 0.635807 0.0239679 0.22561
2 0.0243142 0.48401 0.0486284 0.171191
2 0.847106 0.535604 0.0380884 0.0913997
1 0.223989 0.487967 0.0440572 0.0790617
2 0.44632 0.473726 0.00930806 0.0262534
