0 0.806373 0.656517 0.0953514 0.456291
0 0.424979 0.564908 0.0284728 0.250836
0 0.38725 0.569387 0.0287076 0.278644
0 0.308563 0.562933 0.0338531 0.244576
0 0.336949 0.567132 0.0279905 0.226313
2 0.902025 0.554233 0.0819401 0.105592
0 0.271608 0.56409 0.0295781 0.260448
2 0.845828 0.544848 0.0419058 0.0895312
2 0.504897 0.508523 0.0286413 0.0840782
0 0.253643 0.531221 0.020901 0.212101
0 0.234171 0.476375 0.0150491 0.10825
2 0.951462 0.552348 0.0547115 0.0947914
0 0.286062 0.531815 0.0193394 0.196268
2 0.0827304 0.504054 0.0361478 0.0831425
0 0.163462 0.469894 0.0109691 0.107547
1 0.0348816 0.515705 0.0311169 0.105587
