0 0.971142 0.689582 0.0577152 0.606425
0 0.0855831 0.528298 0.0340419 0.23778
1 0.504379 0.595536 0.0300215 0.155715
2 0.902449 0.555481 0.0830722 0.107752
2 0.826513 0.546351 0.0819176 0.103594
0 0.202329 0.490031 0.0199624 0.153975
1 0.45097 0.611009 0.0303359 0.154135
2 0.948356 0.553902 0.0496858 0.0997451
0 0.176775 0.493603 0.0191959 0.14549
0 0.156817 0.475771 0.0138354 0.111347
0 0.390771 0.51364 0.012259 0.0995599
1 0.227566 0.490315 0.0400163 0.0757433
1 0.0344647 0.515043 0.0317968 0.111362
0 0.417016 0.492528 0.00860498 0.0550277
0 0.444397 0.565405 0.0161259 0.20397
0 0.142198 0.474252 0.012699 0.101629
