0 0.884587 0.664602 0.0829033 0.553332
0 0.120156 0.500129 0.0216045 0.17521
0 0.974313 0.677646 0.0503738 0.598665
1 0.214586 0.664805 0.0472283 0.237405
0 0.145384 0.500495 0.0262581 0.178032
1 0.775174 0.696858 0.0614643 0.264164
2 0.823388 0.54697 0.0758552 0.103305
2 0.504807 0.508803 0.0290596 0.0829745
1 0.957317 0.735241 0.0853651 0.341038
2 0.921145 0.555109 0.0440189 0.0951909
1 0.0346159 0.51513 0.0313882 0.108514
0 0.869687 0.664004 0.0549206 0.547386
2 0.943868 0.530421 0.0387631 0.0544187
