0 0.903446 0.667481 0.0650687 0.524906
0 0.45385 0.576398 0.0382627 0.258612
0 0.420439 0.575877 0.0404335 0.282477
0 0.297025 0.574941 0.0392696 0.272172
0 0.333348 0.570276 0.0257841 0.263753
2 0.826142 0.546579 0.0808045 0.103868
0 0.247657 0.47852 0.0141508 0.115164
0 0.268328 0.551655 0.0252419 0.225448
0 0.358246 0.57938 0.0200733 0.22806
2 0.50496 0.509026 0.0289535 0.0857572
0 0.228917 0.476688 0.0125313 0.108062
2 0.878856 0.547977 0.0389042 0.0930144
0 0.163715 0.476235 0.0132133 0.111313
2 0.951567 0.55515 0.0560364 0.101527
0 0.145819 0.468307 0.0111671 0.0807674
0 0.282086 0.526046 0.0159169 0.168716
0 0.320201 0.540166 0.0197075 0.22062
1 0.0347941 0.515254 0.0311407 0.106539
