0 0.470119 0.620983 0.0574508 0.373833
0 0.436339 0.574375 0.0406271 0.288294
2 0.902438 0.553737 0.0821949 0.103619
2 0.826173 0.546653 0.0808048 0.103147
0 0.368723 0.567688 0.0308935 0.266285
0 0.391789 0.597661 0.036466 0.286394
0 0.511242 0.611632 0.0327776 0.346153
0 0.227381 0.481943 0.0139436 0.122971
2 0.951572 0.552173 0.0548777 0.0951065
0 0.204599 0.481019 0.0143044 0.130612
0 0.217215 0.480056 0.0148736 0.129282
1 0.0348487 0.515289 0.0310811 0.106939
0 0.413358 0.500501 0.0120335 0.0965811
0 0.531115 0.599447 0.0148099 0.300304
0 0.164377 0.473804 0.0119868 0.11696
2 0.254735 0.472517 0.0297779 0.0614649
