0 0.449827 0.585781 0.0423962 0.295061
0 0.39417 0.584608 0.0389115 0.240347
0 0.490121 0.581547 0.0414886 0.275341
2 0.902029 0.553821 0.082856 0.103939
2 0.826398 0.545766 0.0815182 0.102396
0 0.289548 0.561047 0.0300517 0.247687
0 0.245298 0.482887 0.0131014 0.114595
0 0.256797 0.494752 0.0141426 0.138459
0 0.220867 0.472657 0.0159012 0.120665
0 0.430329 0.501632 0.0129982 0.119199
0 0.32728 0.547898 0.0232179 0.219925
2 0.506426 0.508159 0.0257955 0.0829185
0 0.312991 0.551081 0.0285061 0.226639
0 0.362342 0.582431 0.0233299 0.275498
2 0.95128 0.552525 0.0546081 0.0953846
0 0.342461 0.550522 0.0194443 0.233476
0 0.163559 0.472308 0.0137917 0.119168
0 0.309927 0.550519 0.0212774 0.207866
0 0.325434 0.578213 0.0265092 0.289445
