0 0.130801 0.51722 0.0239239 0.212522
1 0.935292 0.702201 0.128458 0.312828
0 0.510732 0.590963 0.0384344 0.336342
0 0.797037 0.683575 0.0748587 0.56664
0 0.214613 0.488187 0.0172564 0.149184
1 0.452206 0.564308 0.0231851 0.124498
2 0.854688 0.546352 0.0251253 0.0745998
1 0.417138 0.571711 0.0186546 0.140402
0 0.185146 0.509287 0.0150863 0.104429
0 0.829841 0.685824 0.0479721 0.524833
0 0.530251 0.611762 0.0169163 0.278271
1 0.0346395 0.515035 0.0314484 0.108815
0 0.406211 0.498646 0.0104974 0.0893838
0 0.417816 0.502319 0.012604 0.099297
2 0.885244 0.554166 0.051451 0.105088
0 0.531629 0.582869 0.0148414 0.223235
0 0.489246 0.508392 0.0105756 0.093213
0 0.839472 0.678955 0.0313713 0.510004
