0 0.815719 0.652659 0.0841561 0.465709
0 0.39245 0.574857 0.0357746 0.272116
0 0.30909 0.563331 0.0340082 0.256789
0 0.429251 0.572128 0.0306695 0.247451
2 0.901887 0.553678 0.083157 0.102986
0 0.274834 0.571502 0.0281325 0.259997
0 0.340209 0.569236 0.0234428 0.220088
2 0.505233 0.50838 0.0285445 0.0841639
0 0.254435 0.531173 0.0214212 0.220119
2 0.849849 0.542762 0.0333554 0.0836013
2 0.951237 0.551816 0.0542484 0.0934311
0 0.291054 0.535733 0.0138283 0.187948
0 0.233287 0.475573 0.0130464 0.104997
2 0.0828064 0.504232 0.0359089 0.0829235
0 0.16349 0.469265 0.0110267 0.104404
2 0.142366 0.514422 0.0342997 0.044186
1 0.0348501 0.515298 0.031083 0.10642
0 0.284738 0.538913 0.0210601 0.198343
0 0.281379 0.539913 0.0167029 0.200219
