0 0.446481 0.606326 0.0337465 0.37441
0 0.415731 0.569248 0.0295848 0.276778
0 0.484409 0.612874 0.0434813 0.343862
2 0.902306 0.554253 0.0822643 0.104526
2 0.826535 0.546513 0.081761 0.102961
0 0.371594 0.583133 0.0372427 0.301697
0 0.516075 0.594108 0.028677 0.315521
0 0.355397 0.558016 0.0237945 0.264933
0 0.208291 0.476921 0.013447 0.129477
2 0.951382 0.554357 0.0550342 0.0991896
0 0.388943 0.571088 0.0191115 0.245289
0 0.228576 0.484513 0.0179198 0.129229
0 0.385987 0.564866 0.0188773 0.24457
1 0.223086 0.528259 0.0248987 0.109701
0 0.164504 0.473444 0.0131985 0.122697
1 0.0347594 0.514785 0.0312542 0.108067
0 0.384088 0.567166 0.0266371 0.251976
0 0.517512 0.55468 0.0275286 0.234008
0 0.220801 0.476913 0.0166022 0.13534
