0 0.467712 0.598131 0.0369785 0.278578
0 0.398134 0.606514 0.0478637 0.328075
0 0.434035 0.600089 0.0323354 0.296151
2 0.9024 0.553875 0.0821396 0.103613
2 0.826373 0.545982 0.081456 0.103038
0 0.328174 0.572682 0.0353689 0.274499
0 0.361061 0.556429 0.023953 0.240239
2 0.505252 0.50987 0.0284494 0.0866191
0 0.214413 0.479027 0.0158187 0.127334
2 0.951468 0.55123 0.0545853 0.0929038
0 0.235081 0.495708 0.017372 0.150013
0 0.383561 0.51921 0.0176934 0.155362
0 0.33809 0.574504 0.0252337 0.28146
1 0.0347701 0.515119 0.0311794 0.108485
0 0.166429 0.472855 0.0142534 0.117583
0 0.34534 0.54995 0.0235493 0.232911
