0 0.959876 0.68088 0.0801704 0.549412
0 0.438248 0.578024 0.0324505 0.291995
2 0.826664 0.546587 0.0819808 0.103394
0 0.376919 0.584164 0.0281056 0.245469
2 0.902239 0.555397 0.0830829 0.107632
0 0.477297 0.57993 0.0345213 0.267365
0 0.314848 0.576431 0.0315933 0.291225
0 0.351183 0.57995 0.0333299 0.263608
0 0.283356 0.556925 0.029139 0.247009
0 0.246481 0.47997 0.0121143 0.113915
2 0.505445 0.507783 0.0276512 0.0847988
2 0.947313 0.55178 0.0457456 0.0953866
0 0.333125 0.542941 0.0196737 0.23142
2 0.0827689 0.503939 0.0360016 0.0833492
0 0.228253 0.476615 0.0120888 0.111341
0 0.261848 0.486202 0.0128683 0.107725
1 0.221161 0.499021 0.0216715 0.068544
0 0.328322 0.547431 0.0173599 0.235316
