0 0.809443 0.644689 0.0730822 0.488367
0 0.475559 0.600837 0.0495362 0.367457
0 0.435857 0.580234 0.0385829 0.307478
0 0.513327 0.587617 0.0470845 0.326051
2 0.902483 0.553354 0.081844 0.101994
0 0.176466 0.512528 0.0227412 0.183649
0 0.219354 0.486507 0.0171564 0.143611
0 0.192887 0.486986 0.0158207 0.135393
0 0.833755 0.633678 0.0649639 0.459235
2 0.85402 0.547716 0.0271461 0.0767454
2 0.95093 0.551928 0.0542446 0.0942407
0 0.845244 0.637305 0.041303 0.452083
0 0.388001 0.523251 0.0130245 0.125462
0 0.461916 0.575862 0.027762 0.277888
0 0.157169 0.474858 0.0126991 0.104076
1 0.0348182 0.514829 0.0312035 0.10833
