0 0.413737 0.575596 0.0331923 0.231421
0 0.379917 0.572727 0.0362002 0.275545
0 0.779844 0.636054 0.0506573 0.458836
2 0.902313 0.553665 0.0824971 0.103217
0 0.30159 0.558475 0.0236762 0.245117
2 0.829845 0.544532 0.0724983 0.099505
0 0.329395 0.565854 0.0244417 0.226103
0 0.264354 0.56277 0.0283947 0.25136
0 0.248534 0.534265 0.0208817 0.206766
2 0.504971 0.508636 0.0289059 0.084283
0 0.283178 0.538932 0.0162447 0.193597
2 0.951325 0.552201 0.0545625 0.0947202
2 0.0828241 0.504195 0.0360505 0.082948
0 0.43585 0.481059 0.00906173 0.0569463
0 0.433812 0.480989 0.00907479 0.0526757
0 0.238287 0.476827 0.0137839 0.0984214
