0 0.424963 0.607658 0.0362871 0.350458
0 0.461332 0.607036 0.0466042 0.325172
2 0.902366 0.553893 0.0822317 0.103955
2 0.826437 0.546219 0.0817003 0.102436
0 0.49722 0.605231 0.0462732 0.296173
0 0.403736 0.56687 0.0329481 0.268772
0 0.377596 0.55755 0.0269941 0.247544
2 0.951444 0.552928 0.0544762 0.0970392
0 0.210526 0.474065 0.0158944 0.134781
0 0.230779 0.48848 0.0175484 0.146188
0 0.345737 0.56093 0.0267957 0.257597
0 0.360043 0.57685 0.0254268 0.288494
0 0.5051 0.540486 0.0167658 0.177576
0 0.504948 0.557793 0.0227768 0.214871
2 0.0827746 0.503435 0.0360282 0.0843861
0 0.354359 0.576475 0.0356818 0.287111
2 0.254586 0.473075 0.0306849 0.0610145
0 0.366314 0.565932 0.0360645 0.265519
