0 0.438966 0.58139 0.0311405 0.309473
0 0.841781 0.64306 0.0853567 0.484388
0 0.482349 0.602026 0.0369608 0.367223
0 0.516172 0.583713 0.0401348 0.33196
0 0.173638 0.511296 0.0220241 0.180908
2 0.900972 0.553352 0.0842085 0.102814
0 0.828756 0.644202 0.0544689 0.484212
0 0.219138 0.486415 0.0159923 0.144142
0 0.192422 0.485222 0.0171325 0.134024
2 0.951229 0.552586 0.0549942 0.0960533
0 0.473626 0.576586 0.0301056 0.285103
0 0.389415 0.523983 0.014855 0.13746
0 0.158203 0.470326 0.013673 0.109538
2 0.951149 0.536387 0.0551712 0.0661006
