0 0.874916 0.692542 0.0809456 0.599919
0 0.106311 0.521752 0.0344541 0.225109
1 0.476264 0.579955 0.0266209 0.135212
2 0.822984 0.548275 0.0743645 0.106434
0 0.914783 0.708178 0.0600177 0.544014
0 0.529611 0.616994 0.0172507 0.298118
2 0.503913 0.511168 0.0286646 0.0895112
0 0.182392 0.491518 0.0154878 0.141423
0 0.211815 0.488614 0.0186807 0.150007
1 0.42816 0.578473 0.0196134 0.157345
0 0.155871 0.47504 0.0127287 0.110345
2 0.083457 0.504028 0.0376805 0.0846597
0 0.898015 0.696345 0.0952824 0.575741
1 0.231396 0.49789 0.0300293 0.0627427
0 0.398876 0.507664 0.0127858 0.0926924
0 0.380692 0.501136 0.00897112 0.10075
0 0.164641 0.481248 0.0106068 0.0983854
2 0.948477 0.553976 0.0598972 0.0998218
