0 0.910716 0.704601 0.122909 0.585757
0 0.103379 0.52347 0.0335324 0.231841
1 0.485004 0.583497 0.0273466 0.142045
2 0.826565 0.546281 0.082077 0.1028
1 0.433265 0.587693 0.0231235 0.157901
2 0.879932 0.54708 0.0430569 0.0925302
0 0.946487 0.706579 0.107025 0.54101
0 0.396714 0.507545 0.011713 0.09826
0 0.20795 0.487401 0.0203056 0.150752
0 0.181117 0.493584 0.0157528 0.141763
2 0.506127 0.513932 0.0236767 0.0969056
0 0.466733 0.508981 0.0120358 0.113042
0 0.154331 0.471497 0.0140793 0.112532
0 0.380938 0.501932 0.00975695 0.0968145
0 0.959437 0.701669 0.0769371 0.516437
1 0.230992 0.495657 0.0303761 0.0662622
0 0.437539 0.494523 0.0183594 0.0949992
2 0.254983 0.469928 0.0282121 0.0672802
