0 0.388285 0.594595 0.0363581 0.328934
0 0.422521 0.601394 0.0392342 0.30231
2 0.902276 0.553861 0.0824426 0.10408
2 0.826441 0.546033 0.0815491 0.10261
0 0.528901 0.599555 0.0202497 0.329087
0 0.456109 0.592285 0.0271053 0.267476
0 0.327855 0.569507 0.0338775 0.282105
0 0.355655 0.55302 0.0286517 0.244449
0 0.238533 0.499121 0.0177859 0.149466
2 0.50504 0.510458 0.0287034 0.088864
0 0.214817 0.478149 0.0156621 0.126109
2 0.951528 0.552765 0.0546703 0.0961405
0 0.469392 0.526939 0.0145623 0.152299
0 0.322417 0.569249 0.0285175 0.280465
0 0.165357 0.478024 0.0140425 0.116842
0 0.466592 0.530285 0.0141493 0.165805
0 0.332608 0.566807 0.0246513 0.273288
1 0.034837 0.514709 0.0312018 0.108182
2 0.951325 0.537713 0.0548652 0.0681721
