0 0.97456 0.699489 0.0506939 0.594356
0 0.925812 0.662021 0.0843337 0.54708
1 0.275917 0.619456 0.0324702 0.173928
0 0.809206 0.654885 0.0506004 0.523587
0 0.129888 0.496726 0.0232626 0.1748
0 0.157025 0.501248 0.0177405 0.169707
2 0.504731 0.508631 0.0291795 0.082906
0 0.848443 0.63984 0.0612114 0.474136
1 0.84451 0.707596 0.127495 0.283748
1 0.864868 0.684497 0.170069 0.332249
1 0.0347269 0.514877 0.0315806 0.108078
2 0.918181 0.575566 0.132745 0.164578
1 0.219819 0.495338 0.0286119 0.0640073
0 0.831933 0.645668 0.0943622 0.495336
0 0.353157 0.481127 0.00920838 0.0737657
