0 0.0774326 0.500174 0.0244477 0.191582
0 0.107972 0.502337 0.0223995 0.196716
1 0.865293 0.600309 0.0657715 0.13555
2 0.822394 0.545971 0.073095 0.102276
2 0.90738 0.554572 0.0713286 0.102097
2 0.504971 0.508423 0.0288353 0.0829507
1 0.033447 0.51536 0.0338945 0.110879
2 0.952133 0.553496 0.0556835 0.0965443
0 0.353071 0.483421 0.0120011 0.0836149
1 0.212044 0.49146 0.0424406 0.0723005
1 0.219224 0.493374 0.0304886 0.0680702
2 0.951472 0.541928 0.0520939 0.0703605
2 0.896592 0.553808 0.091959 0.114073
0 0.866357 0.57227 0.0279335 0.174236
