0 0.498595 0.606456 0.0475447 0.301161
0 0.430119 0.611318 0.0427436 0.36427
2 0.826506 0.546234 0.0818363 0.102749
2 0.902523 0.55389 0.0819332 0.103829
0 0.406715 0.568293 0.0381486 0.272078
0 0.367088 0.579527 0.0393762 0.291218
0 0.348434 0.562915 0.0261228 0.256255
0 0.471201 0.603715 0.0390856 0.316418
0 0.209568 0.479561 0.0145398 0.123227
0 0.379709 0.55559 0.0210959 0.240966
2 0.951669 0.553554 0.0553189 0.0974666
0 0.229131 0.492948 0.0192451 0.143655
0 0.164826 0.475672 0.0131903 0.121967
1 0.034782 0.514975 0.0312026 0.107725
