0 0.905917 0.667089 0.0774027 0.541077
0 0.516805 0.615169 0.0458398 0.379091
0 0.464193 0.582754 0.0364918 0.315137
0 0.159622 0.513949 0.0203407 0.198551
2 0.826509 0.546007 0.081029 0.102476
0 0.217085 0.486146 0.0172939 0.147801
1 0.76885 0.670037 0.0461228 0.21413
0 0.495827 0.578278 0.0243941 0.303654
0 0.189042 0.496184 0.013308 0.128697
0 0.39962 0.528742 0.0160721 0.151486
0 0.427339 0.504163 0.0158497 0.124252
2 0.872802 0.547012 0.0291852 0.0882433
0 0.425959 0.518463 0.018149 0.154437
1 0.0348465 0.51473 0.0310911 0.108075
0 0.76054 0.705841 0.0334198 0.343705
