0 0.76012 0.637025 0.0346859 0.458612
0 0.447012 0.602043 0.0438707 0.346632
0 0.407705 0.575296 0.0372979 0.28816
0 0.48772 0.584122 0.0465806 0.319399
2 0.902292 0.553486 0.0826007 0.1032
0 0.220538 0.484961 0.0168844 0.142126
0 0.192986 0.505993 0.0207977 0.178545
2 0.822515 0.54543 0.0882235 0.0999369
2 0.951324 0.551725 0.0545608 0.0945908
0 0.771457 0.639191 0.0549165 0.452693
2 0.5067 0.506718 0.0267963 0.0799335
0 0.778093 0.580771 0.0402491 0.307329
2 0.951217 0.535503 0.0546392 0.0645143
2 0.082707 0.503701 0.0360002 0.0846372
