0 0.521057 0.589387 0.0360458 0.343386
0 0.830014 0.688651 0.0944264 0.556677
0 0.119393 0.520104 0.0222709 0.218543
0 0.876129 0.700404 0.098352 0.551987
1 0.466009 0.577724 0.0255951 0.123228
2 0.504141 0.513822 0.0283716 0.0929319
2 0.811043 0.548042 0.0508185 0.1018
2 0.913487 0.55564 0.0593731 0.0989749
0 0.213407 0.490124 0.0173038 0.142806
0 0.183539 0.506705 0.0139287 0.109906
2 0.95185 0.554552 0.0555347 0.0988004
1 0.423136 0.581006 0.017646 0.133214
2 0.86501 0.55554 0.157022 0.104559
1 0.231782 0.498872 0.0289324 0.0615374
0 0.155661 0.476132 0.0123724 0.105937
