0 0.908287 0.653019 0.05524 0.545662
1 0.803683 0.707542 0.116763 0.28988
0 0.967196 0.695481 0.0656086 0.595559
0 0.782872 0.647758 0.0712791 0.50277
0 0.134742 0.499397 0.0227475 0.166139
0 0.159875 0.500997 0.0183937 0.164845
2 0.504699 0.508431 0.0293848 0.082795
1 0.291702 0.599238 0.0285389 0.168732
1 0.0347494 0.514456 0.0315166 0.108805
2 0.840777 0.544841 0.0556772 0.0972744
2 0.810643 0.549449 0.117243 0.110885
1 0.219382 0.494481 0.029956 0.0655745
1 0.213458 0.493191 0.0401701 0.0684777
2 0.872899 0.549155 0.0289703 0.09459
2 0.446108 0.474104 0.00961533 0.0256567
