0 0.452579 0.607215 0.0451214 0.309298
2 0.902471 0.55354 0.0821385 0.103525
0 0.414645 0.600661 0.0352881 0.34907
2 0.826186 0.546678 0.0808372 0.103055
0 0.484306 0.597917 0.0272371 0.289975
0 0.348019 0.575457 0.0368726 0.290868
0 0.369662 0.5563 0.0208447 0.240428
0 0.396526 0.566562 0.0235313 0.260985
2 0.951655 0.552819 0.0548929 0.0963301
0 0.231158 0.49718 0.0158967 0.154744
0 0.213845 0.475147 0.0163564 0.126599
0 0.337132 0.559382 0.0206286 0.262912
0 0.438374 0.489234 0.0107443 0.077747
2 0.504768 0.510648 0.0284294 0.0881353
2 0.0827474 0.503666 0.0359818 0.0841162
0 0.342539 0.563867 0.0297859 0.273041
0 0.490255 0.590964 0.017773 0.280515
0 0.35667 0.55881 0.0202125 0.248389
