0 0.920168 0.661715 0.0731144 0.551088
1 0.821355 0.716991 0.133902 0.293126
0 0.973025 0.696948 0.0539493 0.597219
0 0.133716 0.498135 0.0228777 0.172531
0 0.158764 0.500149 0.0181221 0.166238
1 0.285087 0.604409 0.0298239 0.180076
2 0.504882 0.508647 0.0293326 0.082956
0 0.800653 0.64514 0.0472221 0.501686
2 0.906321 0.549763 0.0987762 0.102959
1 0.0347423 0.514642 0.0314878 0.109406
0 0.818364 0.484378 0.0299957 0.169539
1 0.212582 0.493103 0.0416112 0.0686312
1 0.218975 0.494019 0.0304194 0.0669269
2 0.8787 0.548898 0.0390809 0.0961328
0 0.816767 0.649062 0.0901386 0.475831
