0 0.515291 0.590217 0.0471308 0.33147
0 0.375354 0.593694 0.034662 0.324213
0 0.442834 0.596473 0.0382516 0.259183
2 0.90242 0.553735 0.0821163 0.103664
0 0.412289 0.590063 0.0283828 0.295558
2 0.826376 0.545805 0.0815845 0.102285
0 0.321995 0.570757 0.037134 0.267374
0 0.347402 0.556204 0.0322942 0.238755
2 0.503824 0.511794 0.0264377 0.0895125
0 0.215328 0.478117 0.0158099 0.12376
2 0.951736 0.553178 0.055377 0.0975905
0 0.241581 0.501746 0.0160433 0.146427
0 0.464561 0.514971 0.014608 0.115794
0 0.238768 0.496251 0.0147686 0.146753
0 0.165318 0.475952 0.0126246 0.113396
1 0.0348339 0.515283 0.0310612 0.106628
