0 0.477702 0.609258 0.0357254 0.32654
0 0.368309 0.583546 0.0394527 0.299913
0 0.43368 0.607296 0.0411686 0.366237
0 0.507177 0.60066 0.0333832 0.303629
2 0.902076 0.553683 0.082826 0.103523
2 0.826458 0.545818 0.0814741 0.102316
0 0.411362 0.566808 0.0370108 0.277027
0 0.352045 0.55802 0.0244471 0.250515
0 0.208994 0.47931 0.0135856 0.123289
0 0.382847 0.562803 0.0181129 0.242936
2 0.951473 0.552489 0.0550854 0.0961682
1 0.223993 0.529446 0.021062 0.106705
2 0.25458 0.47284 0.0307321 0.0621098
2 0.0827585 0.503929 0.0359601 0.08375
0 0.229908 0.485605 0.0166506 0.12684
0 0.16469 0.474076 0.0127129 0.122859
1 0.0348212 0.514899 0.0310795 0.107905
0 0.513223 0.536912 0.019792 0.190957
