0 0.766917 0.639134 0.0472326 0.446173
0 0.407703 0.563604 0.027428 0.239207
0 0.372383 0.568819 0.0374033 0.263275
0 0.320192 0.566817 0.0272026 0.208944
0 0.255933 0.562429 0.0358554 0.255128
2 0.902266 0.553497 0.0824948 0.10321
2 0.826308 0.545636 0.0802822 0.101512
0 0.293145 0.560956 0.0250496 0.236917
2 0.505024 0.508184 0.0286558 0.0839054
2 0.951334 0.552347 0.0545664 0.0954124
0 0.242425 0.525735 0.0194027 0.187316
0 0.279049 0.53023 0.0196173 0.198136
2 0.0828003 0.504225 0.036057 0.0827149
0 0.267718 0.530646 0.0163573 0.196131
0 0.146466 0.473142 0.0107847 0.066953
0 0.288703 0.554856 0.0324214 0.239209
0 0.422057 0.499771 0.010796 0.068152
1 0.0347751 0.515747 0.0309804 0.106422
