0 0.943849 0.689907 0.111908 0.565178
0 0.147936 0.51612 0.031562 0.202883
0 0.481989 0.596073 0.0339492 0.313199
0 0.509313 0.583874 0.0371472 0.303472
0 0.763667 0.676586 0.0404399 0.524612
1 0.809949 0.699133 0.112701 0.242517
2 0.897513 0.558422 0.0724915 0.113497
2 0.839659 0.541095 0.0543615 0.0912523
0 0.216577 0.484709 0.0184791 0.15058
0 0.454077 0.509364 0.0109366 0.102061
0 0.527395 0.632383 0.0212256 0.359533
0 0.808697 0.578518 0.0569376 0.361335
1 0.430123 0.555578 0.0184587 0.111459
0 0.187981 0.502442 0.0113711 0.113414
1 0.405946 0.564197 0.0183007 0.113902
0 0.7778 0.636639 0.0313914 0.400185
0 0.187667 0.489688 0.0140059 0.140263
1 0.0347646 0.514614 0.0313284 0.109225
0 0.407676 0.533579 0.0167016 0.168389
