0 0.0518436 0.530015 0.0331594 0.25453
1 0.497548 0.632027 0.0421596 0.1955
2 0.902464 0.553713 0.0822873 0.103793
2 0.826422 0.545695 0.0812891 0.102369
0 0.191044 0.494418 0.0183608 0.156693
2 0.951787 0.553122 0.0559586 0.0974121
0 0.759612 0.660455 0.035037 0.516042
1 0.219087 0.493037 0.0337562 0.0710057
0 0.166104 0.493861 0.0159593 0.147297
1 0.223717 0.489374 0.0439346 0.077279
0 0.417223 0.482214 0.00843258 0.0695532
2 0.531699 0.579528 0.0138804 0.234746
2 0.476362 0.49217 0.0214487 0.062336
