0 0.825434 0.707824 0.121162 0.557228
0 0.517856 0.59192 0.0439178 0.342476
0 0.123932 0.520133 0.0246149 0.212099
0 0.878826 0.672018 0.0708553 0.457737
2 0.906541 0.554898 0.0731664 0.104572
2 0.503682 0.510779 0.0268313 0.0882723
0 0.183816 0.501667 0.0148189 0.118469
1 0.461302 0.567891 0.025833 0.127936
0 0.213977 0.489978 0.0164591 0.144868
0 0.866175 0.679274 0.0968971 0.47929
2 0.866081 0.556044 0.154595 0.110517
1 0.968111 0.74228 0.0637783 0.263666
0 0.421714 0.499194 0.0134884 0.0916204
1 0.231579 0.4994 0.0293138 0.0606341
1 0.0347087 0.515199 0.0314058 0.109189
1 0.420097 0.574921 0.0166297 0.133062
2 0.948864 0.556385 0.0505543 0.10044
0 0.40353 0.50281 0.00999461 0.088903
0 0.155297 0.472612 0.0132008 0.11182
