0 0.503642 0.588159 0.0332775 0.33372
1 0.921285 0.719347 0.15619 0.272888
0 0.783225 0.683601 0.0535767 0.558368
0 0.529343 0.600607 0.0204599 0.279096
0 0.215262 0.486286 0.0180739 0.150615
1 0.447413 0.5629 0.0258354 0.124683
0 0.132699 0.517017 0.0183274 0.208889
0 0.822462 0.680848 0.0498983 0.500022
2 0.848969 0.544969 0.0355898 0.0822553
1 0.414776 0.570293 0.0172167 0.117189
1 0.0347122 0.514299 0.0313814 0.109783
0 0.184084 0.515576 0.0128389 0.0880303
0 0.907431 0.589922 0.0832753 0.411236
0 0.805155 0.686736 0.0867778 0.524405
0 0.827437 0.610242 0.0309553 0.338208
0 0.407129 0.495682 0.00916348 0.0907479
0 0.808161 0.568597 0.0300327 0.288573
