0 0.82708 0.646579 0.0620873 0.48023
0 0.432784 0.57458 0.0352957 0.247841
0 0.39487 0.578728 0.0404258 0.270996
0 0.34217 0.571315 0.0211665 0.222685
2 0.901867 0.553259 0.083231 0.10253
0 0.312534 0.567382 0.0292985 0.242403
0 0.277589 0.570049 0.0283784 0.263766
2 0.505052 0.508185 0.0288162 0.0832502
0 0.232754 0.474927 0.0120331 0.105206
0 0.257848 0.539859 0.0193759 0.221761
2 0.952064 0.553647 0.0563051 0.0970287
0 0.293678 0.539548 0.0142797 0.20114
2 0.826425 0.548516 0.0815823 0.0951609
0 0.16333 0.47161 0.011742 0.109085
2 0.858171 0.547267 0.0214332 0.0798089
0 0.147599 0.467445 0.012182 0.0807605
0 0.2827 0.56287 0.0221697 0.249478
2 0.0827058 0.504108 0.0361787 0.0832592
0 0.289682 0.533543 0.0147703 0.191688
0 0.305713 0.552684 0.0204439 0.231697
1 0.0348031 0.514997 0.0309789 0.107251
