0 0.920731 0.665536 0.0765759 0.534897
0 0.456232 0.584571 0.0411676 0.250086
0 0.426188 0.581234 0.0451015 0.286557
0 0.299943 0.571826 0.0325676 0.277822
0 0.365761 0.575411 0.023601 0.237202
2 0.826461 0.545926 0.081609 0.102821
0 0.247252 0.478206 0.014061 0.113636
2 0.886778 0.551516 0.0540974 0.100864
0 0.269821 0.552299 0.0271537 0.231645
2 0.505085 0.508839 0.0289411 0.0845838
0 0.228517 0.477099 0.012995 0.109231
0 0.324608 0.545634 0.0221328 0.230976
0 0.340503 0.573511 0.0197975 0.255484
0 0.281094 0.552519 0.0199269 0.232213
0 0.282467 0.526064 0.0169466 0.176771
2 0.9598 0.557582 0.0374012 0.0972967
0 0.276544 0.554438 0.0270312 0.236323
0 0.216697 0.470314 0.0143144 0.10616
2 0.0827303 0.504101 0.0359363 0.0830046
1 0.0347674 0.515463 0.0309929 0.106427
