0 0.928296 0.703676 0.111875 0.590837
0 0.767424 0.642688 0.0476992 0.489045
0 0.861065 0.643731 0.0838268 0.488386
0 0.166406 0.49649 0.0232423 0.169983
0 0.788526 0.643713 0.0434311 0.430504
2 0.504767 0.508085 0.0290115 0.0825557
1 0.314701 0.590507 0.0219306 0.134237
0 0.14019 0.497727 0.023389 0.167015
2 0.823871 0.546629 0.0636732 0.104304
1 0.0347093 0.514692 0.0316726 0.108478
1 0.219249 0.493811 0.0301996 0.0668587
2 0.254555 0.471299 0.0298186 0.0624656
1 0.213045 0.492255 0.0405063 0.0707862
2 0.446293 0.474045 0.00977261 0.0257841
