0 0.789796 0.625825 0.0547311 0.464909
0 0.0155088 0.540941 0.0310176 0.293666
0 0.83376 0.679747 0.055962 0.535175
0 0.178252 0.501348 0.0197504 0.159854
2 0.901981 0.553895 0.0821563 0.10349
0 0.1547 0.49568 0.0202788 0.160101
2 0.503651 0.508654 0.0273665 0.0822817
0 0.348097 0.534892 0.0161748 0.158932
2 0.951203 0.552823 0.054511 0.0960158
2 0.255338 0.470029 0.0282198 0.0649361
1 0.214124 0.491933 0.0392101 0.0713694
1 0.222079 0.492414 0.0363981 0.0707208
2 0.024791 0.484581 0.0495821 0.171039
2 0.951073 0.535455 0.0545069 0.063928
0 0.161549 0.497406 0.0130853 0.151628
2 0.446018 0.473967 0.00948947 0.0257277
