0 0.891476 0.674995 0.0913952 0.513331
0 0.447366 0.577022 0.0277844 0.248297
0 0.351604 0.581274 0.032138 0.226722
0 0.417183 0.577704 0.0361175 0.278804
0 0.295689 0.569189 0.040562 0.279619
0 0.329649 0.576072 0.0286722 0.240075
2 0.827497 0.54645 0.0838369 0.103907
0 0.268624 0.547874 0.0247818 0.232575
0 0.248259 0.477272 0.0139515 0.111575
2 0.505086 0.508713 0.0289268 0.0846794
0 0.230263 0.477192 0.0130723 0.110135
0 0.163313 0.472787 0.0135416 0.116089
0 0.318515 0.534853 0.019964 0.217241
0 0.146658 0.465524 0.0120659 0.0849368
2 0.924252 0.552183 0.0358135 0.090701
0 0.263558 0.534105 0.0189905 0.214127
2 0.951932 0.554711 0.0541279 0.0985088
1 0.0347534 0.515185 0.0311903 0.10752
