0 0.788383 0.678625 0.0842363 0.526108
0 0.0315328 0.536822 0.0322284 0.26712
2 0.902473 0.554105 0.0821262 0.104109
0 0.183739 0.497213 0.0182915 0.150578
1 0.52022 0.643679 0.0376952 0.207128
0 0.7589 0.584061 0.029817 0.368941
0 0.160606 0.500917 0.0178176 0.142912
2 0.502869 0.509244 0.0234566 0.0838684
2 0.951882 0.55309 0.0558315 0.0963202
2 0.839052 0.543604 0.0552525 0.0962443
0 0.805808 0.562345 0.0184682 0.208618
1 0.218219 0.493561 0.0332118 0.0694128
2 0.846483 0.546179 0.0412363 0.0878161
0 0.361946 0.526034 0.0136671 0.136575
0 0.417519 0.480549 0.00828874 0.0719001
2 0.0826854 0.503773 0.0359311 0.084026
0 0.381169 0.505622 0.00884544 0.0921859
