0 0.461809 0.617128 0.0550551 0.368633
0 0.495616 0.613058 0.0404933 0.346442
2 0.90235 0.553695 0.08241 0.103712
0 0.523523 0.610634 0.0319242 0.305334
0 0.426831 0.57197 0.0314062 0.28546
2 0.82612 0.546695 0.0807186 0.103513
0 0.364754 0.568792 0.0284956 0.273522
0 0.390545 0.566282 0.0225455 0.252177
2 0.951345 0.551478 0.0545924 0.0936053
0 0.206541 0.479159 0.0131347 0.129391
0 0.384434 0.572391 0.025534 0.286432
0 0.377212 0.582255 0.0234926 0.305529
0 0.229843 0.476233 0.0116932 0.119808
0 0.220382 0.493315 0.0172121 0.169574
0 0.396075 0.573751 0.0179859 0.24537
2 0.0827548 0.503612 0.0360066 0.0843947
0 0.164138 0.474174 0.0128779 0.120607
2 0.951194 0.535524 0.05469 0.0639206
2 0.255363 0.472933 0.0302206 0.0601477
