0 0.436358 0.596808 0.0338326 0.250794
0 0.401151 0.590236 0.0361832 0.280956
0 0.36798 0.59534 0.0355703 0.313889
0 0.509866 0.591006 0.0504759 0.320268
2 0.90224 0.553638 0.0824611 0.103382
2 0.826555 0.546179 0.0817932 0.102794
0 0.33991 0.557076 0.0304169 0.218028
2 0.951603 0.552304 0.0548367 0.0953098
0 0.315233 0.566494 0.0343284 0.267351
0 0.305293 0.5597 0.0218258 0.24997
0 0.455118 0.506588 0.0149599 0.135984
0 0.321457 0.564567 0.0260645 0.258736
0 0.216006 0.474543 0.0145678 0.125294
0 0.16424 0.475151 0.0127426 0.11486
1 0.0348716 0.514938 0.0311066 0.107783
