0 0.943646 0.699898 0.0918378 0.59499
0 0.891399 0.647142 0.0683098 0.517832
0 0.135659 0.496998 0.0237586 0.170856
0 0.778074 0.652277 0.067699 0.489134
1 0.299885 0.593553 0.0269419 0.162448
1 0.791261 0.705011 0.0944588 0.259459
0 0.160668 0.498174 0.0189689 0.168551
2 0.50488 0.508423 0.0293962 0.0829599
2 0.838904 0.542004 0.0574154 0.0923755
0 0.813413 0.63478 0.0456432 0.427586
1 0.0347252 0.514686 0.0315582 0.10887
2 0.848362 0.543995 0.0396069 0.085102
0 0.813291 0.724282 0.0322033 0.246905
0 0.145703 0.475756 0.0151985 0.136298
1 0.222226 0.491916 0.034375 0.0712025
0 0.815238 0.580838 0.0429073 0.312904
1 0.213088 0.491597 0.0406533 0.0718702
2 0.446354 0.473857 0.00983853 0.026195
0 0.35365 0.481128 0.00945599 0.0753392
