0 0.0682901 0.500248 0.0305605 0.202804
0 0.103184 0.50532 0.0290013 0.200435
2 0.826476 0.546069 0.0818671 0.102016
2 0.504916 0.508658 0.0295195 0.0834624
2 0.901745 0.550392 0.0817752 0.10073
0 0.890421 0.578308 0.0429451 0.17955
2 0.952339 0.554795 0.0546867 0.0996178
0 0.352497 0.480665 0.0110366 0.0764921
1 0.0250235 0.521516 0.0497862 0.115551
1 0.212294 0.490994 0.0424238 0.073353
1 0.889805 0.587234 0.0505237 0.164387
1 0.219385 0.493082 0.0303219 0.0687432
1 0.0315735 0.515584 0.0361296 0.10996
