0 0.0160665 0.541432 0.0321331 0.29841
0 0.816864 0.674721 0.0494529 0.537254
0 0.783429 0.626863 0.0445685 0.465989
2 0.902035 0.553324 0.0828891 0.103059
0 0.156423 0.492921 0.0211567 0.163715
0 0.179796 0.498999 0.0183517 0.160299
2 0.503723 0.508937 0.0273316 0.0834845
0 0.351648 0.532252 0.0167972 0.160019
2 0.951453 0.552597 0.0544466 0.0949316
1 0.213817 0.488416 0.0399998 0.0795401
2 0.254448 0.471029 0.0282139 0.0632028
2 0.0248441 0.483676 0.0496881 0.171593
1 0.223209 0.488239 0.0434587 0.0791198
2 0.445972 0.474015 0.00913288 0.0253825
