0 0.44231 0.572176 0.0299084 0.289955
0 0.518502 0.61659 0.0418999 0.336716
0 0.491463 0.616666 0.0369703 0.382563
2 0.902243 0.553853 0.0822238 0.103602
2 0.826478 0.545915 0.081548 0.102547
0 0.402987 0.586435 0.0345902 0.311658
0 0.376877 0.565313 0.0265634 0.277982
0 0.227167 0.484101 0.015808 0.129312
2 0.951203 0.551094 0.0544968 0.0926219
2 0.0827775 0.503895 0.0361827 0.0840897
0 0.212089 0.497464 0.0168278 0.151402
0 0.164093 0.475703 0.0120097 0.110888
2 0.254987 0.472288 0.0301183 0.05967
0 0.207525 0.491061 0.0165419 0.137497
