0 0.854504 0.698318 0.0789757 0.586643
0 0.891228 0.699214 0.0920765 0.563616
0 0.527797 0.591337 0.0229056 0.340947
0 0.114554 0.524624 0.0240298 0.217079
2 0.815859 0.550202 0.0604782 0.108045
1 0.470871 0.574759 0.0268564 0.132867
2 0.504525 0.511511 0.028954 0.0906337
0 0.21228 0.48999 0.0184972 0.145013
1 0.425273 0.58459 0.019698 0.132319
2 0.92 0.553385 0.0447203 0.0904744
0 0.183133 0.502736 0.0139203 0.119793
0 0.901335 0.707422 0.0630403 0.533051
1 0.231485 0.498354 0.0296923 0.0622499
2 0.952078 0.555052 0.0530079 0.0996901
0 0.156007 0.477254 0.0121501 0.104233
1 0.0346774 0.515022 0.0313555 0.109559
