0 0.966876 0.684527 0.0662474 0.573138
0 0.490735 0.589708 0.0341814 0.33125
0 0.768264 0.690915 0.0481045 0.55032
0 0.521258 0.580817 0.0352963 0.314836
1 0.866563 0.714384 0.125263 0.262437
0 0.80559 0.670453 0.0675955 0.465745
0 0.142732 0.515984 0.0295742 0.204663
2 0.89788 0.562248 0.0933788 0.122048
0 0.215923 0.48629 0.0182352 0.147331
0 0.455956 0.509041 0.0111736 0.10062
1 0.438475 0.561506 0.0198919 0.11225
1 0.411593 0.565607 0.0175691 0.111895
2 0.946646 0.558359 0.0443405 0.108156
0 0.852787 0.582118 0.07986 0.386586
0 0.187639 0.506341 0.0121355 0.105913
1 0.0347728 0.513953 0.0313244 0.109777
0 0.440325 0.495947 0.0136401 0.0924027
0 0.780702 0.586084 0.0273575 0.325335
