0 0.421959 0.582106 0.034244 0.271292
0 0.354786 0.584681 0.0342928 0.307119
0 0.516964 0.58267 0.0323012 0.286402
0 0.490981 0.588493 0.0414405 0.3225
0 0.390904 0.591824 0.027678 0.261812
2 0.90238 0.554038 0.0821091 0.103866
2 0.826486 0.546209 0.0818762 0.102596
0 0.308625 0.565281 0.0285003 0.263862
0 0.331271 0.549368 0.0225285 0.226262
2 0.951608 0.553241 0.0552878 0.0978988
0 0.218218 0.475592 0.0146262 0.121439
0 0.239321 0.483328 0.0115278 0.107862
0 0.163312 0.473422 0.0130508 0.115786
0 0.293059 0.550373 0.01827 0.228437
0 0.446898 0.506028 0.0149683 0.131375
0 0.303181 0.552531 0.0346236 0.237932
0 0.442494 0.50126 0.0145758 0.126249
0 0.244251 0.486203 0.0107811 0.119555
1 0.0348663 0.514942 0.0311883 0.107727
0 0.440394 0.496743 0.0131466 0.115937
