0 0.946274 0.685566 0.107417 0.531832
0 0.458815 0.578084 0.0365117 0.262851
0 0.431298 0.578647 0.0404039 0.292036
0 0.369369 0.575375 0.028692 0.241865
0 0.306381 0.570883 0.031303 0.279144
2 0.826485 0.546209 0.0817682 0.103394
0 0.246717 0.479096 0.0132365 0.113849
0 0.343901 0.578696 0.0209146 0.24569
2 0.896212 0.552076 0.071195 0.101344
2 0.505205 0.509422 0.0289808 0.0864041
0 0.328099 0.544644 0.0204616 0.238565
0 0.276036 0.554622 0.0318469 0.235628
0 0.265978 0.54579 0.0169171 0.221303
0 0.28105 0.548437 0.0249386 0.223348
0 0.22824 0.472827 0.0123967 0.105052
1 0.0348155 0.514896 0.0312407 0.107172
1 0.206814 0.492956 0.0376184 0.0682915
2 0.0827456 0.503868 0.035965 0.0834292
