0 0.864444 0.663803 0.0923286 0.520119
0 0.452857 0.580699 0.0365202 0.311895
0 0.506083 0.610687 0.0474521 0.375702
0 0.525342 0.582734 0.0277738 0.333871
0 0.218016 0.485933 0.0171779 0.145936
2 0.911288 0.554493 0.0635554 0.0971037
0 0.479187 0.576866 0.027318 0.282232
2 0.812872 0.547257 0.0552792 0.100681
0 0.191318 0.48762 0.0179882 0.135035
0 0.168078 0.512424 0.0207881 0.192354
2 0.952242 0.55433 0.0539187 0.0997876
0 0.394061 0.525202 0.0148561 0.137188
0 0.156974 0.473266 0.0139372 0.109678
0 0.17112 0.487185 0.0159888 0.122439
