0 0.523945 0.590438 0.0314956 0.330443
0 0.448211 0.594944 0.0306383 0.258535
0 0.417164 0.593462 0.0357509 0.308985
2 0.902428 0.553902 0.082143 0.10395
2 0.82646 0.54621 0.0817794 0.102219
0 0.3252 0.570562 0.0359576 0.276431
0 0.381026 0.586123 0.034896 0.314612
0 0.21492 0.47645 0.0162116 0.124727
0 0.240266 0.498846 0.0187057 0.150318
0 0.350735 0.555918 0.0296943 0.232858
2 0.50515 0.513064 0.0296004 0.0913317
2 0.951329 0.553328 0.0548786 0.0973252
0 0.46762 0.518884 0.0136931 0.129078
0 0.332057 0.570255 0.0231183 0.264264
0 0.16557 0.476327 0.0133795 0.116701
1 0.0348237 0.514773 0.0312396 0.107997
0 0.347488 0.553841 0.0186621 0.212957
0 0.318047 0.568868 0.0249243 0.277782
0 0.33317 0.555252 0.0181682 0.229346
