0 0.117915 0.504796 0.0292318 0.186972
0 0.0915373 0.500859 0.0268777 0.19822
1 0.921927 0.717849 0.152029 0.2998
2 0.505151 0.508492 0.0286939 0.0832483
0 0.975024 0.707402 0.049174 0.535629
2 0.958257 0.570457 0.0575523 0.124348
1 0.81662 0.589223 0.0723595 0.146637
2 0.83716 0.541319 0.0594866 0.092096
2 0.826096 0.543952 0.0805552 0.099108
1 0.0343639 0.514938 0.0318708 0.111244
0 0.352705 0.480682 0.0110155 0.0782007
1 0.212332 0.490565 0.0421548 0.0742899
0 0.156673 0.479202 0.0118135 0.101472
1 0.219004 0.492881 0.0307586 0.0693639
2 0.876283 0.531749 0.035017 0.0583224
