0 0.85277 0.683546 0.0940022 0.54174
0 0.014696 0.549988 0.0293919 0.263667
0 0.799632 0.630697 0.0709401 0.471074
0 0.177406 0.500478 0.0194606 0.160888
2 0.904534 0.553815 0.0767473 0.101864
0 0.152522 0.499399 0.020107 0.156577
2 0.504252 0.509492 0.0283724 0.0853638
0 0.343123 0.532399 0.016735 0.161787
2 0.952199 0.553968 0.0563267 0.0976726
2 0.255368 0.470265 0.0280109 0.0646856
1 0.213287 0.492547 0.0412342 0.0703044
0 0.836927 0.678214 0.0593384 0.533655
1 0.222523 0.492145 0.0379665 0.0707261
1 0.0315487 0.512585 0.0379049 0.110452
