0 0.903444 0.680145 0.101048 0.557704
1 0.180164 0.703647 0.0616161 0.256772
1 0.788435 0.703535 0.0903307 0.252085
0 0.115204 0.499621 0.0189246 0.178972
2 0.504878 0.508896 0.0292109 0.0832482
0 0.138191 0.500552 0.0214147 0.178457
2 0.832104 0.542457 0.0704735 0.0906253
1 0.0346864 0.514888 0.0315061 0.108917
0 0.979886 0.716839 0.0400913 0.539759
2 0.953803 0.560493 0.0533692 0.105121
2 0.87461 0.545841 0.0318948 0.0875478
0 0.354143 0.483212 0.011518 0.0752036
1 0.219773 0.495349 0.0289727 0.0646861
