0 0.924009 0.677746 0.0924288 0.560704
1 0.134137 0.747257 0.0824118 0.308867
1 0.808583 0.710479 0.126265 0.2425
2 0.504822 0.508993 0.0291245 0.083473
0 0.106295 0.501111 0.0250789 0.180885
2 0.843054 0.544051 0.0498652 0.090788
2 0.88945 0.551718 0.0591481 0.102113
1 0.0346572 0.514309 0.0313483 0.108942
0 0.129641 0.469787 0.0149879 0.122301
0 0.353694 0.48151 0.0109012 0.0765514
1 0.213229 0.485234 0.0428206 0.089816
2 0.961122 0.533817 0.0286037 0.0458201
1 0.222069 0.489358 0.03611 0.0760778
