0 0.445539 0.578891 0.0329491 0.309841
0 0.838627 0.655935 0.066753 0.508992
0 0.522306 0.58068 0.0332695 0.331218
2 0.904975 0.553538 0.0758818 0.101762
0 0.218432 0.485364 0.0168715 0.146408
0 0.170344 0.510388 0.0204618 0.194643
0 0.477493 0.580483 0.026885 0.296102
0 0.497317 0.606254 0.0406656 0.358885
0 0.191322 0.487389 0.019244 0.134603
0 0.856741 0.637473 0.0768082 0.481361
2 0.950823 0.552385 0.0543217 0.0960239
0 0.871924 0.634441 0.0460636 0.475617
0 0.157446 0.470589 0.013188 0.109596
0 0.390951 0.524211 0.0149905 0.139468
2 0.806121 0.547724 0.0411398 0.102713
0 0.171185 0.492432 0.0179712 0.136783
0 0.427682 0.506697 0.0142737 0.139396
