0 0.0595022 0.500613 0.0343188 0.207757
2 0.826586 0.546311 0.0818562 0.102686
2 0.504961 0.508073 0.0289349 0.0825637
2 0.893625 0.550244 0.0666523 0.0984526
0 0.093465 0.50654 0.0218101 0.205586
2 0.947542 0.548137 0.0598749 0.10354
1 0.0334042 0.512993 0.0291682 0.107554
1 0.212064 0.490016 0.0425646 0.0753325
1 0.219569 0.492425 0.0300477 0.0701075
0 0.156866 0.481708 0.0109784 0.0946366
0 0.352709 0.481698 0.00985862 0.077347
1 0.0231984 0.51672 0.0463768 0.105861
0 0.104255 0.480891 0.0111804 0.143505
