0 0.949709 0.681503 0.0990047 0.581113
1 0.104864 0.767661 0.0951721 0.349279
1 0.82896 0.713004 0.132577 0.242612
2 0.505058 0.508229 0.0284149 0.0827974
2 0.897629 0.561843 0.0737014 0.120464
0 0.130234 0.493136 0.0204953 0.166521
2 0.852886 0.549758 0.0301121 0.0904626
1 0.034508 0.515569 0.031291 0.10652
0 0.353384 0.480917 0.0107941 0.0775824
0 0.760888 0.539262 0.0314142 0.131052
1 0.212207 0.489886 0.0422579 0.0759939
1 0.224179 0.490464 0.0385796 0.074047
0 0.156888 0.478483 0.0117455 0.101857
1 0.219047 0.492907 0.0305915 0.0694354
