0 0.950728 0.681531 0.098423 0.559621
0 0.145322 0.518155 0.0304601 0.203398
0 0.487207 0.591554 0.0386225 0.327903
0 0.766544 0.688372 0.0477015 0.54559
2 0.902579 0.557481 0.0858187 0.111369
0 0.515273 0.578951 0.0354566 0.304151
0 0.791529 0.655163 0.0439211 0.432564
0 0.216319 0.485135 0.0180882 0.149848
0 0.455124 0.50819 0.0105681 0.105367
1 0.834176 0.692862 0.128961 0.265853
0 0.187652 0.499567 0.0121665 0.122007
0 0.823869 0.576055 0.0618892 0.375151
1 0.433766 0.557556 0.0220936 0.112112
0 0.768464 0.639535 0.035122 0.429928
2 0.84955 0.544834 0.0368868 0.0857393
1 0.408583 0.562858 0.0164232 0.115384
0 0.754028 0.689193 0.0726626 0.54476
1 0.034821 0.514154 0.0312962 0.10914
2 0.935918 0.535682 0.0272661 0.0647676
0 0.188952 0.488581 0.0158719 0.143514
0 0.408927 0.536392 0.0144362 0.167665
2 0.937678 0.546325 0.0311653 0.0868635
0 0.436503 0.500565 0.0152202 0.115144
0 0.357789 0.480534 0.00894135 0.0762348
