0 0.496547 0.587857 0.0303229 0.323341
0 0.39587 0.594398 0.0346411 0.265626
0 0.526912 0.586209 0.0242967 0.287753
2 0.826416 0.545891 0.0818289 0.102626
2 0.902595 0.553783 0.0816621 0.103505
0 0.310175 0.569376 0.0370791 0.269839
0 0.42695 0.593087 0.0276754 0.242731
0 0.35951 0.56956 0.031152 0.278327
2 0.951485 0.552591 0.0545941 0.0959436
0 0.217786 0.476816 0.014382 0.122624
0 0.333729 0.553501 0.0223843 0.226435
0 0.363159 0.557791 0.0249837 0.249826
0 0.163763 0.473978 0.0129532 0.11624
0 0.245432 0.49825 0.012773 0.137184
0 0.238592 0.48422 0.0117333 0.107297
2 0.0827183 0.503814 0.0359724 0.0837794
0 0.451171 0.517088 0.015209 0.122749
1 0.034808 0.515365 0.031092 0.106787
2 0.95136 0.534805 0.0545797 0.062796
0 0.33544 0.535531 0.020387 0.175321
