0 0.0811207 0.527562 0.0332057 0.236596
1 0.457628 0.607499 0.0342962 0.17367
2 0.902539 0.55465 0.0820578 0.1058
2 0.82676 0.546425 0.0821062 0.104177
0 0.975206 0.715606 0.0494755 0.561322
1 0.508947 0.596278 0.0298008 0.1648
0 0.200758 0.490445 0.0210723 0.157761
0 0.156707 0.475334 0.0142168 0.11426
0 0.175484 0.494228 0.0199855 0.149011
2 0.955487 0.556304 0.0639084 0.102344
0 0.385209 0.515192 0.0135389 0.0980543
1 0.225963 0.490548 0.0413021 0.0765001
1 0.220677 0.495111 0.029821 0.0701811
1 0.0344762 0.514022 0.0318956 0.113714
0 0.416836 0.493571 0.00883534 0.0506473
