0 0.101144 0.504056 0.0268116 0.197099
0 0.063466 0.503028 0.038268 0.19494
2 0.826305 0.545968 0.0814915 0.102258
2 0.504691 0.508206 0.0288507 0.0823947
1 0.907768 0.586499 0.0639942 0.161338
2 0.900187 0.551525 0.0834332 0.100007
1 0.0249168 0.521364 0.0496343 0.116481
2 0.950278 0.556483 0.0583561 0.102901
0 0.352378 0.481181 0.0109898 0.0783544
1 0.211721 0.491295 0.0432183 0.0730679
0 0.905008 0.580084 0.0581981 0.175364
1 0.219251 0.493299 0.0302724 0.0687458
0 0.901996 0.57872 0.0321346 0.176998
1 0.0339027 0.516212 0.0315245 0.108276
