0 0.396804 0.572248 0.0385872 0.277019
0 0.849472 0.655561 0.0674782 0.496881
0 0.434838 0.58006 0.0292879 0.241384
0 0.344372 0.567498 0.0229303 0.23178
0 0.31931 0.560624 0.024427 0.254558
2 0.903112 0.5539 0.0806191 0.104274
0 0.281242 0.567893 0.0256554 0.263871
2 0.505019 0.508812 0.0287047 0.0840988
0 0.231924 0.474891 0.0124168 0.109147
0 0.162843 0.47673 0.0131056 0.113917
0 0.257833 0.538256 0.0197053 0.225061
2 0.809018 0.549167 0.0477583 0.095903
2 0.951239 0.552095 0.0550237 0.0943035
0 0.14843 0.465834 0.0136001 0.0860287
0 0.298277 0.543718 0.0172916 0.204943
0 0.261312 0.543528 0.0217045 0.230176
1 0.0347781 0.515018 0.0312271 0.107383
0 0.269237 0.542996 0.0186871 0.223052
0 0.265956 0.54494 0.0194935 0.226092
1 0.206954 0.496408 0.0379318 0.0639903
1 0.217476 0.497854 0.030119 0.0646072
