0 0.0574471 0.533175 0.0423498 0.248041
1 0.483478 0.624027 0.0381447 0.184142
2 0.902332 0.553771 0.082592 0.103921
2 0.82635 0.545783 0.0814642 0.102427
1 0.526162 0.607818 0.0283073 0.170543
0 0.194624 0.4916 0.0165493 0.156416
2 0.951392 0.552484 0.0558018 0.0955302
2 0.505542 0.510892 0.0279835 0.0911283
0 0.378197 0.511889 0.0125186 0.127945
0 0.170711 0.491929 0.0168185 0.150379
1 0.219491 0.495232 0.0306156 0.068309
0 0.156702 0.471698 0.013348 0.114194
0 0.417178 0.483525 0.00862979 0.0686388
2 0.255615 0.470479 0.0265122 0.065291
