0 0.479334 0.598889 0.032408 0.29013
0 0.445053 0.607165 0.0351683 0.29541
0 0.408872 0.598516 0.0386396 0.340335
2 0.902317 0.55358 0.0824466 0.103376
2 0.826364 0.546198 0.0815796 0.102215
0 0.342742 0.572456 0.0480085 0.280214
2 0.504699 0.508179 0.0300517 0.0851913
0 0.391507 0.554233 0.0228785 0.24389
2 0.95166 0.551475 0.0552082 0.0935218
0 0.366957 0.556183 0.0245576 0.235351
0 0.212972 0.473582 0.0155028 0.125366
0 0.233336 0.477756 0.0163841 0.108712
0 0.3655 0.55915 0.0341696 0.245635
0 0.349829 0.575095 0.037028 0.287997
0 0.359588 0.560409 0.0273956 0.245342
1 0.0348243 0.515142 0.0310176 0.107619
2 0.255607 0.472742 0.0295263 0.0619751
