0 0.507684 0.583199 0.0456762 0.331945
0 0.469165 0.598988 0.0483996 0.363234
0 0.427336 0.577931 0.0344576 0.299451
2 0.902517 0.553322 0.0818489 0.102424
0 0.795794 0.647283 0.085989 0.466891
0 0.219928 0.483311 0.0169405 0.145822
0 0.194546 0.486326 0.0148491 0.141441
2 0.840536 0.542392 0.0538506 0.0928475
0 0.389429 0.52279 0.0167074 0.123472
0 0.817302 0.589973 0.0384504 0.323573
2 0.951199 0.551738 0.055038 0.0945567
0 0.179973 0.509399 0.0180633 0.168864
1 0.0347251 0.514532 0.0312626 0.108577
0 0.156991 0.477211 0.0112525 0.101062
2 0.254751 0.473183 0.0306034 0.0588822
