0 0.93451 0.672743 0.106057 0.542056
0 0.763776 0.667961 0.0418598 0.471518
0 0.477194 0.593018 0.0296175 0.30981
0 0.151687 0.514014 0.025258 0.202298
0 0.507749 0.589492 0.0363807 0.287777
0 0.216933 0.485343 0.0177303 0.148925
2 0.833393 0.541946 0.0661951 0.0936963
1 0.801466 0.696605 0.074345 0.214987
0 0.45295 0.507701 0.0103907 0.0990898
2 0.887757 0.554556 0.0569653 0.107126
0 0.526657 0.62224 0.0242692 0.36557
0 0.188177 0.501155 0.0112742 0.116642
0 0.789433 0.589438 0.0466564 0.386027
1 0.427226 0.553865 0.0155929 0.105547
0 0.404727 0.532412 0.0169966 0.171285
1 0.034767 0.514827 0.0313725 0.108046
0 0.431098 0.491553 0.013279 0.0965241
1 0.790678 0.688007 0.0927339 0.241931
0 0.529459 0.577996 0.0192644 0.245627
0 0.189067 0.488852 0.014961 0.141983
2 0.972537 0.660745 0.0547634 0.176122
