0 0.763046 0.663753 0.0389203 0.502701
1 0.505436 0.636311 0.0449402 0.198555
2 0.902128 0.553797 0.0831451 0.104209
0 0.0442337 0.529186 0.0296245 0.270018
2 0.826415 0.546362 0.0804387 0.102984
0 0.189422 0.49725 0.0213047 0.151742
2 0.952207 0.553078 0.0563387 0.0972944
0 0.369701 0.533727 0.0137775 0.120056
0 0.159627 0.4725 0.0139149 0.112299
1 0.218645 0.492002 0.0330564 0.0724063
0 0.171329 0.497163 0.0215289 0.150362
2 0.252713 0.473884 0.0324589 0.0586425
1 0.223842 0.488721 0.0436905 0.0783299
