0 0.957782 0.670511 0.0841121 0.564812
1 0.850082 0.718825 0.135834 0.245499
1 0.0694956 0.809895 0.112334 0.368664
0 0.128441 0.500469 0.0209206 0.184602
0 0.104992 0.496492 0.0269819 0.176207
2 0.505013 0.50847 0.0288008 0.0832532
2 0.901038 0.564821 0.0884418 0.127055
0 0.774786 0.569627 0.0299875 0.178933
0 0.35323 0.481442 0.0107535 0.0807807
1 0.024893 0.521133 0.0495094 0.118045
0 0.156971 0.476627 0.0126961 0.106016
1 0.211933 0.490445 0.0426416 0.0745348
1 0.218843 0.492922 0.0309638 0.0691605
