0 0.444171 0.582242 0.0414829 0.295755
0 0.481891 0.581268 0.0397383 0.274039
2 0.902408 0.554729 0.0825885 0.105851
2 0.826589 0.546434 0.0819595 0.103003
0 0.318264 0.576791 0.033156 0.28923
0 0.245993 0.48022 0.0130162 0.116325
0 0.353414 0.581623 0.0341291 0.258083
0 0.973989 0.698976 0.0520228 0.547134
0 0.381424 0.579395 0.0220449 0.240139
0 0.27878 0.553948 0.0203939 0.235967
2 0.951463 0.55158 0.0546699 0.0943954
2 0.50457 0.508697 0.0305607 0.0858015
0 0.3359 0.545701 0.0220159 0.229829
0 0.306703 0.540825 0.0187427 0.220241
0 0.427782 0.496022 0.0119757 0.11124
0 0.292349 0.545281 0.0178701 0.210281
0 0.259136 0.488016 0.0130821 0.119766
0 0.285446 0.549678 0.0261193 0.227751
1 0.220481 0.499586 0.0206112 0.069591
0 0.426286 0.495319 0.0132006 0.0927867
0 0.22212 0.472779 0.0156452 0.115386
0 0.296598 0.545192 0.0236068 0.222508
2 0.0827392 0.503827 0.0361291 0.0839341
1 0.205962 0.50131 0.0445704 0.0581029
