0 0.394264 0.600838 0.0455466 0.328456
0 0.462881 0.597036 0.0337221 0.282345
0 0.426805 0.601936 0.0381249 0.304101
2 0.902543 0.553818 0.0817839 0.10346
2 0.826087 0.546741 0.0808468 0.103058
0 0.529948 0.612067 0.016584 0.294976
0 0.333312 0.570062 0.0276607 0.280821
0 0.356588 0.555498 0.02779 0.243683
0 0.237234 0.498888 0.0177875 0.152334
0 0.214334 0.477937 0.0165244 0.128461
2 0.951422 0.552249 0.0546969 0.0943439
2 0.504674 0.510124 0.0279059 0.0873675
0 0.322142 0.553354 0.026824 0.246062
0 0.165862 0.47362 0.0151322 0.116656
0 0.318599 0.555848 0.0187303 0.245192
1 0.0347681 0.515293 0.0310627 0.107787
2 0.0826984 0.503451 0.0361492 0.08491
