0 0.0802884 0.502903 0.0304166 0.196458
1 0.853032 0.595898 0.0741794 0.145309
0 0.112144 0.502749 0.0238961 0.195353
2 0.903755 0.556357 0.0785836 0.107487
2 0.50535 0.508497 0.0285026 0.0832974
2 0.82724 0.547065 0.0833162 0.101529
2 0.94957 0.551396 0.0503147 0.0948625
1 0.0333781 0.514486 0.0338976 0.111023
0 0.11665 0.503413 0.0167812 0.187417
0 0.353199 0.48076 0.0110567 0.0786839
1 0.212403 0.491562 0.041928 0.0719281
1 0.219396 0.493587 0.0299469 0.0675589
0 0.983635 0.647408 0.0327294 0.371792
1 0.965057 0.743855 0.0698857 0.448107
1 0.0249316 0.517572 0.0496255 0.110075
