0 0.416454 0.568048 0.0294853 0.242856
0 0.384453 0.569695 0.0296955 0.277708
0 0.303514 0.556589 0.0259289 0.251219
0 0.79465 0.648359 0.0923529 0.456565
2 0.90233 0.553641 0.0824779 0.102933
0 0.334777 0.56243 0.0274546 0.227665
2 0.837606 0.542032 0.058017 0.0961356
0 0.268144 0.562066 0.0274347 0.256363
2 0.505125 0.508513 0.0284778 0.0836807
0 0.251304 0.530593 0.0210979 0.209918
0 0.284418 0.530255 0.0169366 0.200258
2 0.951171 0.551378 0.0543251 0.0931274
0 0.236567 0.477905 0.0143155 0.105021
2 0.0828178 0.50395 0.0360055 0.0830965
0 0.163272 0.470266 0.011132 0.107969
2 0.845559 0.548702 0.0433964 0.0848999
