0 0.896792 0.699839 0.0961373 0.597629
0 0.10474 0.523777 0.0348318 0.227523
2 0.827713 0.547846 0.0840957 0.10632
1 0.481583 0.580686 0.026457 0.138049
1 0.43091 0.582762 0.0222595 0.155712
0 0.397527 0.506022 0.0120009 0.0923965
0 0.210351 0.486836 0.0185281 0.151943
0 0.180857 0.495191 0.0156066 0.138672
0 0.929699 0.685551 0.0385826 0.492276
2 0.50426 0.51234 0.0264738 0.094114
0 0.155671 0.474184 0.0129356 0.110695
0 0.465454 0.510795 0.0128885 0.107434
1 0.231155 0.497524 0.0301552 0.0632067
0 0.380878 0.500191 0.00896763 0.0944674
0 0.532359 0.565553 0.0114372 0.173755
1 0.0346344 0.51459 0.0313985 0.110659
0 0.165076 0.481149 0.0106583 0.0982476
