0 0.455223 0.575766 0.0450749 0.295314
0 0.507995 0.626665 0.0530418 0.399903
2 0.826454 0.546298 0.0813389 0.1022
2 0.902379 0.553772 0.082003 0.103536
0 0.413144 0.593242 0.0334375 0.308716
0 0.382327 0.571322 0.0246596 0.271638
0 0.205034 0.496506 0.019729 0.183386
2 0.951285 0.551377 0.0545657 0.0933487
0 0.226065 0.481992 0.0143458 0.129881
0 0.406384 0.588489 0.0289997 0.290837
0 0.222451 0.478189 0.016756 0.137687
1 0.0348472 0.515303 0.0311115 0.107283
2 0.252797 0.473188 0.0331041 0.0597306
