0 0.848384 0.645405 0.0674289 0.500977
0 0.895195 0.69468 0.0584154 0.587481
0 0.771367 0.63521 0.0540765 0.448034
0 0.170418 0.497997 0.0240494 0.166231
0 0.143593 0.493971 0.0193516 0.168562
1 0.32429 0.573427 0.0246689 0.141757
2 0.504752 0.507952 0.0290218 0.0832869
2 0.947151 0.55969 0.0663904 0.107258
2 0.255385 0.469433 0.0298285 0.0666059
1 0.212504 0.488068 0.0426413 0.0806907
1 0.0346936 0.514513 0.0314006 0.108796
1 0.218727 0.490621 0.0319339 0.0740205
1 0.224053 0.48837 0.0405967 0.0791588
0 0.163039 0.496648 0.0221033 0.164027
2 0.446436 0.473514 0.0100112 0.0262916
