0 0.398004 0.595198 0.0389929 0.279261
0 0.504464 0.587991 0.0406479 0.325119
0 0.363817 0.589738 0.0318698 0.3225
0 0.430742 0.586102 0.0237254 0.26178
0 0.527891 0.589537 0.0221514 0.290837
2 0.901965 0.553611 0.0829415 0.103769
2 0.826402 0.54589 0.0821398 0.102474
0 0.338217 0.548299 0.0236609 0.227136
0 0.45292 0.504618 0.0152455 0.142209
0 0.305951 0.563904 0.0263272 0.265576
2 0.951549 0.551881 0.0549534 0.094652
0 0.320228 0.530065 0.0185359 0.184152
0 0.163964 0.473994 0.0127196 0.117103
0 0.244427 0.499284 0.0141006 0.14289
0 0.21589 0.486447 0.0143338 0.103574
1 0.0349216 0.515373 0.0310095 0.10645
2 0.0826291 0.503999 0.0359931 0.0835479
