0 0.0630674 0.503384 0.0362849 0.200276
0 0.0994039 0.50398 0.0271407 0.201927
2 0.826512 0.54644 0.0818468 0.1023
2 0.504861 0.508423 0.0290331 0.0833589
2 0.886719 0.549125 0.0542881 0.0907791
0 0.917368 0.579846 0.0384833 0.176387
1 0.0331746 0.512072 0.032369 0.108768
1 0.212125 0.490972 0.0429504 0.073659
1 0.914144 0.590942 0.0488258 0.151602
1 0.219259 0.493064 0.0306552 0.068964
0 0.352432 0.481739 0.0102223 0.0790833
2 0.944727 0.535928 0.0640957 0.0759997
1 0.0242458 0.516179 0.0484915 0.10763
2 0.945792 0.554071 0.0665029 0.0974349
0 0.156762 0.481543 0.0108048 0.0946834
2 0.901814 0.557291 0.0808701 0.112839
