0 0.966591 0.686067 0.0668173 0.5788
1 0.0466065 0.809278 0.0931682 0.380019
0 0.100635 0.501762 0.0261994 0.192985
0 0.126691 0.501986 0.0214057 0.185581
1 0.874049 0.730458 0.142194 0.240866
2 0.50493 0.508759 0.0288723 0.0833176
0 0.787965 0.562785 0.0342682 0.187098
2 0.913082 0.561695 0.0666015 0.122045
2 0.942073 0.545425 0.0354117 0.084103
0 0.156519 0.477234 0.0119841 0.104578
2 0.870732 0.56176 0.153395 0.127947
1 0.212072 0.491793 0.0421814 0.071561
0 0.353212 0.480965 0.0101912 0.079351
1 0.219049 0.493599 0.0303415 0.0676157
2 0.824045 0.543902 0.0480648 0.0924971
