0 0.500463 0.578396 0.0341379 0.333047
0 0.422387 0.578149 0.0301414 0.298956
0 0.784174 0.639543 0.075481 0.461132
2 0.902251 0.554309 0.0826933 0.104764
0 0.459243 0.601561 0.0356418 0.351415
0 0.220093 0.481735 0.0176295 0.146692
0 0.390093 0.520749 0.0162956 0.122387
2 0.837392 0.542144 0.060445 0.097165
2 0.951468 0.553641 0.0551743 0.0973865
0 0.195689 0.483253 0.0147423 0.131241
0 0.810056 0.640482 0.0544325 0.421958
0 0.796498 0.645627 0.0603569 0.438431
0 0.182565 0.521964 0.0163075 0.161306
0 0.453745 0.615049 0.0264062 0.319185
2 0.0827752 0.503744 0.0361388 0.0839916
1 0.182501 0.526155 0.016223 0.152213
0 0.810012 0.602745 0.0467409 0.340428
