0 0.375002 0.588615 0.0332655 0.26586
0 0.472981 0.587197 0.0359314 0.315869
0 0.505898 0.583536 0.0416674 0.282085
2 0.902315 0.554107 0.0822323 0.104193
0 0.340566 0.584098 0.0422378 0.295181
2 0.826242 0.546742 0.080977 0.103354
0 0.406313 0.58536 0.0213651 0.240576
0 0.296198 0.561148 0.0306124 0.259147
0 0.437269 0.499988 0.0137127 0.122288
0 0.218782 0.476658 0.0155203 0.121792
0 0.163358 0.473763 0.0141287 0.117476
2 0.951387 0.55361 0.0542839 0.0977015
0 0.242353 0.482772 0.0117653 0.111261
0 0.322184 0.547441 0.0200653 0.219686
0 0.252446 0.493356 0.0156964 0.138002
0 0.304656 0.550636 0.0177729 0.227
0 0.414876 0.535277 0.0142841 0.140738
0 0.255088 0.491166 0.0161222 0.135293
0 0.289778 0.542408 0.0218622 0.218116
1 0.0348471 0.514859 0.0312028 0.107994
2 0.95132 0.536107 0.0544528 0.0651152
