0 0.517647 0.617745 0.0425093 0.348927
0 0.480592 0.6153 0.0467051 0.379635
0 0.440832 0.574724 0.0359472 0.29012
2 0.902481 0.553858 0.0820194 0.10406
2 0.826621 0.546138 0.0816723 0.102698
0 0.373437 0.564713 0.0317107 0.274617
0 0.227381 0.484026 0.0145785 0.127902
0 0.395167 0.600174 0.0346458 0.286109
2 0.951555 0.552976 0.0548067 0.0969735
0 0.407459 0.550402 0.0239149 0.186319
0 0.202305 0.483903 0.0133508 0.130576
0 0.213197 0.489997 0.0151198 0.139417
2 0.0826724 0.503894 0.0362078 0.0839096
2 0.254719 0.472434 0.0302475 0.0610784
2 0.951398 0.538078 0.0549969 0.0695103
1 0.0348377 0.515694 0.0310148 0.106977
