0 0.451236 0.600674 0.0443298 0.350156
0 0.49115 0.584149 0.0432852 0.316581
0 0.412833 0.575561 0.0357354 0.295934
2 0.902409 0.553712 0.082381 0.103363
0 0.778382 0.638092 0.0690899 0.448582
0 0.220541 0.486165 0.0169697 0.141169
2 0.832571 0.541408 0.0678533 0.0941634
0 0.19131 0.510175 0.02116 0.182984
2 0.951439 0.552702 0.0549528 0.095884
0 0.760298 0.637052 0.0341266 0.457809
0 0.393663 0.514207 0.0153537 0.121103
0 0.789971 0.636664 0.0574422 0.421969
2 0.505394 0.507866 0.026622 0.0802017
2 0.253771 0.473532 0.0327381 0.0574761
