0 0.878366 0.673022 0.10126 0.514922
0 0.350599 0.578666 0.0311652 0.224055
0 0.410422 0.570599 0.0292356 0.282496
0 0.291423 0.570952 0.0349027 0.272424
0 0.327016 0.570837 0.0264019 0.245201
2 0.825207 0.547515 0.079244 0.104973
0 0.443497 0.572107 0.0221953 0.256136
2 0.915238 0.554713 0.0561561 0.10165
0 0.248528 0.476903 0.013657 0.110541
2 0.504957 0.50854 0.0283651 0.0839471
0 0.27002 0.549871 0.0246294 0.23095
0 0.231282 0.477271 0.0128376 0.110514
0 0.163193 0.471962 0.0130966 0.116217
2 0.951608 0.553925 0.0557041 0.0973691
0 0.147802 0.465574 0.013975 0.0868065
0 0.262984 0.497833 0.0171964 0.144616
0 0.316454 0.556721 0.0180727 0.245538
1 0.0348899 0.515006 0.0310353 0.107292
0 0.313579 0.549795 0.0180167 0.235641
