0 0.317673 0.567184 0.0315707 0.212399
0 0.368329 0.567281 0.0308926 0.267871
0 0.254018 0.559819 0.0367285 0.24596
2 0.902469 0.553597 0.0820346 0.10329
2 0.826374 0.546045 0.0803717 0.102156
0 0.762341 0.641206 0.0355789 0.441198
0 0.289942 0.561338 0.0253081 0.230913
0 0.404301 0.572365 0.0210685 0.219654
2 0.504911 0.50811 0.0289051 0.0831225
2 0.951356 0.552085 0.0547049 0.0945449
0 0.278016 0.5308 0.018835 0.188723
2 0.0827109 0.504144 0.036014 0.0831531
0 0.265376 0.531208 0.0162019 0.189538
0 0.146289 0.474007 0.0104694 0.0626164
0 0.281043 0.553364 0.0207276 0.21956
0 0.23969 0.485422 0.0173833 0.100757
1 0.0348909 0.515658 0.0310506 0.106327
