0 0.0613951 0.530436 0.0376981 0.247445
1 0.476637 0.62342 0.0372907 0.169325
1 0.524276 0.606973 0.0329737 0.176885
2 0.902331 0.553741 0.0827242 0.104047
2 0.826492 0.545998 0.0815668 0.102402
0 0.195923 0.494345 0.0178137 0.153483
0 0.171668 0.498897 0.0173479 0.14
2 0.951868 0.552792 0.0553234 0.0966937
2 0.504087 0.50809 0.0256767 0.0877208
0 0.381189 0.518955 0.0127422 0.113161
0 0.156429 0.471957 0.0137141 0.113187
1 0.225794 0.491012 0.0417643 0.0745624
1 0.220321 0.494779 0.032168 0.0680282
2 0.255675 0.469123 0.0272463 0.0648853
