0 0.951907 0.698131 0.0957275 0.549443
0 0.433954 0.57571 0.0307596 0.29613
0 0.467507 0.578592 0.0299147 0.261888
2 0.826489 0.546031 0.0818125 0.10292
2 0.901817 0.555501 0.0840996 0.107797
0 0.372193 0.586358 0.0309124 0.231788
0 0.34676 0.577111 0.0291445 0.253214
0 0.246144 0.480984 0.0124867 0.113306
2 0.505324 0.50945 0.0288774 0.0853349
0 0.311056 0.569926 0.0301998 0.282938
0 0.281047 0.557345 0.0297466 0.24222
0 0.380111 0.532051 0.0190523 0.133091
0 0.33024 0.543661 0.0191447 0.230566
0 0.264106 0.49942 0.0164174 0.126225
0 0.303315 0.55666 0.0179232 0.25174
2 0.935364 0.529293 0.0264253 0.0523555
2 0.0827112 0.504167 0.0360308 0.082994
0 0.227912 0.478803 0.0119803 0.109944
0 0.314214 0.544334 0.0262461 0.231126
