0 0.51015625 0.571875 0.0546875 0.1734375
0 0.7 0.590625 0.1515625 0.2640625
0 0.60703125 0.54375 0.078125 0.13359375
0 0.57578125 0.53046875 0.06796875 0.09296875
0 0.1953125 0.64375 0.15625 0.25859375
0 0.3875 0.53984375 0.04609375 0.10390625
0 0.4390625 0.5171875 0.0296875 0.06640625
0 0.240625 0.57890625 0.09140625 0.1359375
0 0.29296875 0.5453125 0.0578125 0.125
0 0.4796875 0.50234375 0.02265625 0.04296875
0 0.35234375 0.5296875 0.04375 0.0796875
0 0.4109375 0.51875 0.0375 0.05625
0 0.10703125 0.56953125 0.09921875 0.13828125
0 0.1171875 0.54140625 0.09453125 0.09609375
0 0.5328125 0.4984375 0.0203125 0.04296875