0 0.5046875 0.53828125 0.05 0.13359375
0 0.321875 0.590625 0.153125 0.22421875
0 0.37265625 0.53984375 0.084375 0.14140625
0 0.3921875 0.52265625 0.08203125 0.1203125
0 0.41484375 0.5 0.0671875 0.08515625
0 0.44296875 0.46640625 0.05703125 0.0984375
2 0.85078125 0.74921875 0.115625 0.49609375
0 0.76796875 0.6890625 0.20859375 0.36796875
0 0.66015625 0.5984375 0.10625 0.2078125
0 0.61796875 0.54296875 0.078125 0.184375
2 0.56484375 0.5109375 0.0125 0.0984375
0 0.66796875 0.5109375 0.08515625 0.109375
0 0.10234375 0.61171875 0.2046875 0.2734375
0 0.215625 0.55625 0.11953125 0.17890625
0 0.50078125 0.5015625 0.02890625 0.08828125
0 0.26875 0.53828125 0.07421875 0.14140625
0 0.77421875 0.49296875 0.128125 0.16015625
0 0.0453125 0.54765625 0.08984375 0.18671875