0 0.846875 0.57890625 0.3046875 0.46953125
0 0.9765625 0.43828125 0.0453125 0.12265625
0 0.32109375 0.56640625 0.0828125 0.19453125
0 0.38671875 0.56953125 0.096875 0.2265625
0 0.715625 0.45703125 0.11796875 0.146875
0 0.8078125 0.4375 0.059375 0.1015625
0 0.909375 0.41484375 0.071875 0.1203125
0 0.8421875 0.43046875 0.06640625 0.09296875
0 0.36015625 0.5453125 0.06328125 0.13828125
0 0.54765625 0.48671875 0.0359375 0.08515625
0 0.4953125 0.4921875 0.0265625 0.06640625
0 0.4625 0.4625 0.02734375 0.04296875