0 0.21796875 0.66953125 0.15859375 0.28828125
0 0.30078125 0.60703125 0.09375 0.17890625
0 0.34375 0.57734375 0.06015625 0.1359375
0 0.37265625 0.5546875 0.04921875 0.10390625
0 0.7078125 0.47734375 0.1078125 0.1359375
0 0.68671875 0.4703125 0.071875 0.128125
0 0.665625 0.4796875 0.07734375 0.11484375
0 0.9859375 0.4015625 0.02578125 0.125
0 0.9625 0.40390625 0.07421875 0.125
0 0.9453125 0.41171875 0.10703125 0.10703125
0 0.921875 0.42109375 0.11328125 0.1015625
0 0.4015625 0.53984375 0.0375 0.0828125
0 0.55625 0.5171875 0.03828125 0.0984375