2 0.27109375 0.48671875 0.01328125 0.11875
2 0.34921875 0.48515625 0.009375 0.08671875
2 0.26953125 0.4671875 0.01015625 0.0921875
0 0.82890625 0.55390625 0.08828125 0.1296875
0 0.89453125 0.5578125 0.09921875 0.12421875
0 0.9484375 0.559375 0.10234375 0.12734375
2 0.2875 0.4671875 0.01015625 0.09765625
2 0.3375 0.5703125 0.028125 0.240625
2 0.43125 0.5578125 0.0421875 0.26484375
1 0.596875 0.571875 0.08828125 0.31640625
1 0.12421875 0.659375 0.11875 0.49765625
0 0.50625 0.50234375 0.0296875 0.07578125
2 0.24921875 0.47421875 0.0125 0.1078125
2 0.1859375 0.47265625 0.009375 0.11875
2 0.8234375 0.51875 0.01640625 0.09765625