0 0.76875 0.734375 0.27265625 0.525
0 0.05546875 0.75625 0.11015625 0.4828125
0 0.11015625 0.69296875 0.21953125 0.4296875
0 0.1171875 0.62265625 0.234375 0.3953125
0 0.1828125 0.6109375 0.1859375 0.23203125
0 0.275 0.5921875 0.1515625 0.1890625
0 0.31015625 0.571875 0.13359375 0.17578125
0 0.32109375 0.56171875 0.10234375 0.165625
0 0.33359375 0.53984375 0.12265625 0.14921875
0 0.36015625 0.5296875 0.08515625 0.11171875
0 0.3875 0.509375 0.07265625 0.11171875
1 0.465625 0.5015625 0.00625 0.05625
0 0.5734375 0.5640625 0.05546875 0.146875
0 0.63828125 0.525 0.0984375 0.13359375
0 0.58046875 0.50234375 0.05859375 0.08828125
0 0.5203125 0.50390625 0.02109375 0.053125