2 0.98203125 0.609375 0.03359375 0.6375
1 0.11484375 0.7203125 0.1703125 0.5546875
0 0.8359375 0.72109375 0.3265625 0.55234375
0 0.66171875 0.61484375 0.15390625 0.40546875
0 0.6015625 0.54140625 0.0953125 0.26640625
0 0.57421875 0.5359375 0.05625 0.1625
2 0.534375 0.48125 0.0125 0.10390625
2 0.53828125 0.48515625 0.0109375 0.1015625
0 0.4390625 0.48671875 0.02421875 0.0796875
2 0.4921875 0.47890625 0.0078125 0.06640625
0 0.371875 0.53828125 0.0546875 0.125
0 0.11015625 0.7625 0.2203125 0.46953125
0 0.23984375 0.64921875 0.16171875 0.30703125
0 0.31796875 0.5703125 0.09375 0.20234375