0 0.50625 0.58671875 0.06328125 0.17578125
0 0.19609375 0.56640625 0.09453125 0.14921875
1 0.76796875 0.58671875 0.10546875 0.25078125
0 0.58203125 0.52421875 0.06484375 0.2078125
2 0.3703125 0.56953125 0.0203125 0.23984375
0 0.28828125 0.52265625 0.05234375 0.10703125
0 0.37265625 0.54921875 0.0859375 0.13828125
0 0.39765625 0.53984375 0.078125 0.09609375
0 0.41953125 0.52421875 0.05703125 0.0796875
0 0.43984375 0.5078125 0.0421875 0.05625
0 0.48359375 0.534375 0.034375 0.10703125
0 0.2890625 0.51484375 0.046875 0.06953125