0 0.49609375 0.5265625 0.03828125 0.12265625
0 0.978125 0.76171875 0.04296875 0.471875
0 0.33828125 0.54765625 0.05546875 0.10703125
0 0.6671875 0.5640625 0.1453125 0.22109375
0 0.6015625 0.5359375 0.10078125 0.13828125
0 0.584375 0.5078125 0.07109375 0.11171875
0 0.55859375 0.490625 0.06796875 0.10703125
0 0.546875 0.49765625 0.053125 0.06953125
0 0.3375 0.509375 0.04140625 0.0796875
0 0.44375 0.46640625 0.02421875 0.075
0 0.35859375 0.5015625 0.03203125 0.06640625
0 0.4046875 0.4921875 0.02109375 0.03984375
0 0.3125 0.50234375 0.02578125 0.05859375
0 0.125 0.509375 0.03203125 0.06640625