0 0.48359375 0.54140625 0.04609375 0.12265625
0 0.140625 0.76796875 0.28125 0.45859375
0 0.2625 0.74921875 0.21875 0.46171875
0 0.1453125 0.69453125 0.17578125 0.33828125
0 0.21328125 0.62421875 0.13984375 0.23984375
0 0.31328125 0.55859375 0.09765625 0.146875
0 0.33515625 0.54140625 0.08984375 0.13828125
0 0.3671875 0.5265625 0.0640625 0.090625
0 0.4390625 0.525 0.03671875 0.08828125
0 0.39765625 0.50390625 0.059375 0.07734375
0 0.853125 0.74921875 0.29140625 0.49609375
0 0.559375 0.54765625 0.05390625 0.13359375
0 0.54921875 0.45234375 0.059375 0.23203125
2 0.6078125 0.509375 0.0109375 0.13046875
0 0.0890625 0.5640625 0.11953125 0.13359375
0 0.48828125 0.51328125 0.02890625 0.08828125
0 0.24921875 0.515625 0.04921875 0.0796875