0 0.93359375 0.7734375 0.13125 0.44765625
0 0.871875 0.6796875 0.25546875 0.634375
0 0.44921875 0.51484375 0.04453125 0.1625
0 0.7734375 0.46796875 0.20390625 0.25625
0 0.2890625 0.55078125 0.0671875 0.125
0 0.21484375 0.5296875 0.08359375 0.1703125
0 0.384375 0.50234375 0.034375 0.090625
0 0.5890625 0.515625 0.0625 0.1171875
0 0.47578125 0.47578125 0.02734375 0.0796875
0 0.50546875 0.44921875 0.02890625 0.1015625
0 0.63359375 0.50703125 0.06640625 0.12265625
0 0.95 0.446875 0.0984375 0.1890625
0 0.4703125 0.434375 0.02890625 0.14375
0 0.1421875 0.58125 0.13359375 0.0984375
0 0.084375 0.56640625 0.10859375 0.13359375
0 0.01328125 0.56796875 0.0265625 0.109375
0 0.03203125 0.565625 0.0640625 0.11171875
0 0.01484375 0.51875 0.02890625 0.11171875