0 0.50625 0.56640625 0.053125 0.165625
0 0.7703125 0.64296875 0.1921875 0.384375
0 0.62109375 0.5546875 0.08984375 0.15703125
0 0.58359375 0.534375 0.07578125 0.10703125
0 0.32265625 0.56953125 0.07734375 0.15703125
0 0.41015625 0.525 0.0390625 0.08515625
0 0.19140625 0.59296875 0.11796875 0.1625
0 0.2609375 0.55234375 0.0703125 0.14375
0 0.4609375 0.50703125 0.02734375 0.05078125
0 0.3375 0.5296875 0.04921875 0.08828125
0 0.4 0.51875 0.040625 0.05859375
0 0.04765625 0.58828125 0.0953125 0.1703125
0 0.065625 0.546875 0.1125 0.109375
0 0.5421875 0.4921875 0.01953125 0.03984375