0 0.75703125 0.765625 0.24921875 0.4640625
0 0.08984375 0.7046875 0.1796875 0.521875
0 0.17734375 0.62421875 0.20390625 0.290625
0 0.74765625 0.609375 0.1859375 0.1921875
0 0.70859375 0.58125 0.1359375 0.19453125
0 0.63671875 0.54140625 0.1125 0.14375
0 0.31484375 0.5921875 0.075 0.1203125
0 0.30078125 0.53203125 0.12734375 0.21328125
0 0.534375 0.50234375 0.0421875 0.14140625
0 0.35859375 0.5359375 0.08828125 0.0984375
0 0.3859375 0.52109375 0.075 0.1015625
0 0.51640625 0.490625 0.0265625 0.1015625
0 0.43125 0.48671875 0.04765625 0.07734375