0 0.94765625 0.5703125 0.10390625 0.1375
0 0.89453125 0.5625 0.10234375 0.1328125
0 0.82578125 0.5625 0.09453125 0.14296875
0 0.50625 0.50703125 0.028125 0.08125
2 0.8296875 0.64453125 0.06640625 0.47265625
2 0.85 0.6515625 0.06875 0.4109375
2 0.525 0.59296875 0.04609375 0.340625
2 0.23125 0.51640625 0.0296875 0.1890625
2 0.26953125 0.51640625 0.01640625 0.18671875
2 0.28046875 0.52578125 0.03359375 0.19453125
2 0.28125 0.54765625 0.02890625 0.24296875
2 0.328125 0.54765625 0.03515625 0.21875
2 0.190625 0.5296875 0.025 0.221875
2 0.22578125 0.53125 0.0234375 0.21640625
2 0.253125 0.5375 0.021875 0.19453125
2 0.246875 0.528125 0.02109375 0.19765625