0 0.49140625 0.5078125 0.0203125 0.0640625
0 0.1390625 0.78828125 0.278125 0.4203125
0 0.96171875 0.74375 0.075 0.50703125
0 0.84453125 0.72265625 0.309375 0.54921875
0 0.61171875 0.5984375 0.10234375 0.2375
0 0.54609375 0.53046875 0.0375 0.10390625
0 0.578125 0.56171875 0.06484375 0.17578125
0 0.2859375 0.5546875 0.07578125 0.090625
0 0.1890625 0.56640625 0.08515625 0.09609375
0 0.08828125 0.5796875 0.075 0.09296875
0 0.528125 0.5078125 0.0234375 0.0640625
2 0.83046875 0.628125 0.046875 0.5171875