0 0.8578125 0.7921875 0.28359375 0.4109375
0 0.5625 0.54921875 0.0625 0.165625
0 0.2703125 0.58125 0.140625 0.17890625
0 0.296875 0.56953125 0.14921875 0.16015625
0 0.36171875 0.53046875 0.0984375 0.1359375
0 0.5375 0.534375 0.034375 0.09609375
2 0.09140625 0.553125 0.0203125 0.20234375
0 0.2390625 0.67734375 0.1109375 0.2078125
0 0.18046875 0.71328125 0.0984375 0.31484375
0 0.26953125 0.625 0.09609375 0.19765625
0 0.29453125 0.61875 0.0765625 0.1734375
0 0.109375 0.6921875 0.1125 0.35234375
0 0.71796875 0.75703125 0.17734375 0.3703125