0 0.603125 0.5984375 0.08359375 0.19453125
0 0.1234375 0.76640625 0.246875 0.4640625
0 0.346875 0.59609375 0.096875 0.2234375
0 0.53671875 0.52265625 0.034375 0.08515625
0 0.1890625 0.6 0.12890625 0.2078125
0 0.3921875 0.55546875 0.0578125 0.1359375
0 0.30390625 0.55546875 0.06171875 0.1171875
0 0.346875 0.53359375 0.04140625 0.08515625
0 0.37109375 0.509375 0.0296875 0.0828125
0 0.43203125 0.51484375 0.02421875 0.05859375
0 0.39296875 0.50234375 0.02890625 0.06953125
0 0.484375 0.509375 0.0203125 0.0609375
0 0.50625 0.50234375 0.01171875 0.0421875