0 0.48359375 0.4984375 0.01953125 0.06171875
0 0.40390625 0.56015625 0.05859375 0.146875
0 0.82734375 0.7453125 0.34296875 0.50390625
0 0.659375 0.6546875 0.1609375 0.37890625
0 0.60234375 0.584375 0.084375 0.253125
0 0.55546875 0.54140625 0.05234375 0.13359375
0 0.52578125 0.51171875 0.0265625 0.07734375
0 0.54140625 0.5265625 0.0390625 0.11171875
0 0.3234375 0.52265625 0.0578125 0.06953125
0 0.2484375 0.52421875 0.06484375 0.071875
0 0.5140625 0.49609375 0.01875 0.053125
2 0.65078125 0.534375 0.02421875 0.23203125