0 0.49453125 0.52265625 0.04140625 0.109375
0 0.1078125 0.69296875 0.215625 0.43984375
0 0.26953125 0.5796875 0.1234375 0.184375
0 0.40546875 0.5921875 0.078125 0.184375
0 0.43203125 0.55625 0.06015625 0.146875
0 0.3609375 0.5171875 0.08828125 0.12265625
0 0.759375 0.75703125 0.265625 0.4796875
0 0.625 0.43046875 0.14609375 0.490625
2 0.72421875 0.575 0.0375 0.30703125
0 0.54453125 0.509375 0.03671875 0.0984375
0 0.52109375 0.4453125 0.03359375 0.146875
0 0.25703125 0.5109375 0.05234375 0.0796875
0 0.4828125 0.50390625 0.02734375 0.0828125
0 0.1046875 0.5453125 0.103125 0.1359375