2 0.52890625 0.46875 0.01640625 0.15390625
2 0.21796875 0.5375 0.040625 0.321875
2 0.43359375 0.4671875 0.02265625 0.18359375
2 0.89765625 0.7109375 0.20234375 0.57265625
2 0.9140625 0.6109375 0.17109375 0.77265625
2 0.95703125 0.75703125 0.08515625 0.48125
2 0.9828125 0.7015625 0.0328125 0.5921875
2 0.703125 0.72578125 0.16171875 0.54296875
2 0.5390625 0.67578125 0.06796875 0.5625
2 0.64453125 0.6875 0.05859375 0.50546875
2 0.70078125 0.64453125 0.06484375 0.540625
2 0.778125 0.63359375 0.0671875 0.5109375
0 0.109375 0.49921875 0.21875 0.9984375