0 0.50234375 0.5546875 0.059375 0.18671875
0 0.9171875 0.7 0.16328125 0.59453125
0 0.69296875 0.55078125 0.17578125 0.34921875
0 0.615625 0.5296875 0.10625 0.16015625
0 0.5671875 0.490625 0.06015625 0.0828125
0 0.54765625 0.48515625 0.04140625 0.0640625
0 0.14375 0.56796875 0.1375 0.2
0 0.259375 0.49765625 0.15078125 0.35703125
0 0.23984375 0.54375 0.08046875 0.1359375
0 0.29609375 0.5296875 0.0546875 0.08828125
0 0.3671875 0.4984375 0.034375 0.06171875
0 0.3828125 0.4890625 0.02578125 0.06640625
0 0.40625 0.48515625 0.025 0.04765625
0 0.9125 0.53046875 0.115625 0.09609375
0 0.16953125 0.5359375 0.0640625 0.11171875