0 0.4921875 0.57734375 0.07578125 0.2375
0 0.88828125 0.7171875 0.22109375 0.56015625
0 0.7484375 0.64375 0.18984375 0.34921875
0 0.6765625 0.5703125 0.16796875 0.26171875
0 0.6484375 0.5546875 0.12109375 0.17578125
0 0.071875 0.60703125 0.14375 0.2640625
0 0.1546875 0.55078125 0.11796875 0.1921875
0 0.43984375 0.484375 0.01875 0.05078125
2 0.5515625 0.51171875 0.01484375 0.11171875
2 0.0484375 0.5359375 0.01171875 0.1890625
2 0.73828125 0.48125 0.00703125 0.10390625
2 0.73828125 0.48125 0.00546875 0.07734375