0 0.4984375 0.528125 0.0484375 0.13046875
0 0.05078125 0.7453125 0.1015625 0.50625
0 0.14140625 0.6984375 0.21484375 0.384375
0 0.27890625 0.56015625 0.1109375 0.1921875
0 0.390625 0.59609375 0.1 0.2
0 0.4171875 0.5546875 0.05703125 0.16015625
0 0.36328125 0.5296875 0.07265625 0.10703125
0 0.8578125 0.49921875 0.28125 0.9984375
2 0.7375 0.6890625 0.05703125 0.43203125
0 0.67890625 0.653125 0.17265625 0.3546875
0 0.6109375 0.58515625 0.10078125 0.20234375
0 0.578125 0.528125 0.06015625 0.16015625
0 0.53203125 0.49609375 0.02890625 0.071875
0 0.52890625 0.43984375 0.03671875 0.146875
0 0.05859375 0.5703125 0.1171875 0.42109375
0 0.4921875 0.50390625 0.03046875 0.09296875
0 0.1890625 0.51484375 0.0703125 0.0984375