0 0.5015625 0.53046875 0.046875 0.146875
0 0.784375 0.66796875 0.2171875 0.43203125
0 0.703125 0.59296875 0.15859375 0.27734375
0 0.66953125 0.53984375 0.12421875 0.22109375
0 0.603125 0.50234375 0.1046875 0.17578125
0 0.57578125 0.50703125 0.07421875 0.1015625
0 0.54765625 0.48671875 0.04765625 0.0640625
0 0.2703125 0.5265625 0.06953125 0.12265625
0 0.40703125 0.46953125 0.04140625 0.12265625
0 0.31171875 0.515625 0.04921875 0.09609375
0 0.3453125 0.51328125 0.03671875 0.0640625
0 0.39140625 0.490625 0.028125 0.05078125
0 0.2546875 0.51328125 0.04140625 0.0796875