0 0.53984375 0.7203125 0.16328125 0.51171875
0 0.96796875 0.7359375 0.0625 0.52265625
0 0.628125 0.528125 0.09921875 0.15234375
0 0.584375 0.509375 0.059375 0.09609375
0 0.56484375 0.5015625 0.05390625 0.071875
0 0.4234375 0.50546875 0.02890625 0.0640625
0 0.109375 0.615625 0.15234375 0.19765625
0 0.478125 0.4828125 0.01953125 0.04296875
0 0.31328125 0.53046875 0.059375 0.09296875
0 0.34453125 0.51171875 0.040625 0.09609375
0 0.3859375 0.5015625 0.03515625 0.0640625
0 0.43046875 0.49296875 0.03125 0.0453125
0 0.2203125 0.525 0.06171875 0.09609375
0 0.21171875 0.51484375 0.06640625 0.071875