0 0.49609375 0.52109375 0.03515625 0.11171875
0 0.9296875 0.74765625 0.1390625 0.4984375
0 0.78515625 0.69453125 0.21953125 0.51484375
0 0.70390625 0.6109375 0.178125 0.29609375
0 0.65625 0.5625 0.140625 0.234375
0 0.6328125 0.55234375 0.10390625 0.16796875
0 0.61171875 0.53046875 0.10078125 0.13359375
0 0.43125 0.49296875 0.0171875 0.03984375
0 0.38828125 0.52421875 0.034375 0.07734375
0 0.57265625 0.50546875 0.0703125 0.090625
0 0.55234375 0.4984375 0.05625 0.071875
0 0.5375 0.484375 0.04609375 0.06953125
0 0.38515625 0.49765625 0.025 0.05625
0 0.3625 0.490625 0.01640625 0.04296875