0 0.15078125 0.65234375 0.30078125 0.690625
0 0.8234375 0.74765625 0.35078125 0.4984375
0 0.6671875 0.6203125 0.10546875 0.27734375
0 0.0984375 0.515625 0.19609375 0.3734375
0 0.66796875 0.53828125 0.0890625 0.22109375
0 0.5 0.48828125 0.03125 0.11171875
0 0.725 0.46171875 0.1390625 0.1734375
0 0.3875 0.51328125 0.0375 0.0828125
0 0.340625 0.49765625 0.046875 0.11484375
0 0.60078125 0.4921875 0.04296875 0.0828125
0 0.54453125 0.44375 0.02265625 0.08515625
0 0.5140625 0.428125 0.02265625 0.1171875