0 0.09140625 0.68125 0.1828125 0.415625
0 0.1265625 0.59609375 0.253125 0.4015625
1 0.3875 0.56015625 0.025 0.1703125
0 0.9078125 0.73359375 0.1828125 0.46953125
0 0.8484375 0.66953125 0.29609375 0.3546875
0 0.753125 0.6203125 0.2296875 0.24765625
0 0.71484375 0.57578125 0.17421875 0.2453125
0 0.29921875 0.55625 0.1296875 0.13828125
0 0.32734375 0.54375 0.10625 0.12265625
0 0.5296875 0.534375 0.04375 0.10703125
0 0.509375 0.50703125 0.02421875 0.06640625
0 0.49140625 0.4734375 0.0140625 0.053125