0 0.5140625 0.55078125 0.07421875 0.26953125
0 0.9703125 0.48515625 0.0578125 0.509375
0 0.2671875 0.6 0.12578125 0.20234375
0 0.16640625 0.571875 0.15390625 0.26171875
0 0.43203125 0.5265625 0.05546875 0.13046875
0 0.746875 0.5625 0.1234375 0.2
0 0.56015625 0.4890625 0.0328125 0.10390625
0 0.60078125 0.45625 0.040625 0.128125
0 0.82421875 0.54140625 0.1375 0.2109375
0 0.92109375 0.55703125 0.15625 0.18671875
0 0.5546875 0.434375 0.0375 0.18125
0 0.09140625 0.64296875 0.1828125 0.1609375
0 0.0453125 0.60390625 0.08984375 0.18125
0 0.0140625 0.5453125 0.02734375 0.13046875