0 0.09140625 0.74296875 0.1828125 0.5109375
0 0.11328125 0.6734375 0.2265625 0.40625
0 0.159375 0.625 0.27734375 0.3171875
0 0.2 0.58671875 0.17421875 0.24296875
0 0.2609375 0.58828125 0.159375 0.2
0 0.27734375 0.56640625 0.15546875 0.1734375
0 0.32265625 0.5296875 0.109375 0.146875
0 0.33828125 0.5203125 0.11015625 0.165625
1 0.44921875 0.515625 0.009375 0.0796875
0 0.696875 0.7109375 0.17890625 0.39453125
0 0.76484375 0.58828125 0.2 0.253125
0 0.678125 0.5625 0.11640625 0.16015625
0 0.6390625 0.546875 0.10703125 0.13359375
0 0.6203125 0.534375 0.10078125 0.109375
0 0.61328125 0.5265625 0.08359375 0.12265625
0 0.38515625 0.5203125 0.075 0.0828125
0 0.39921875 0.51484375 0.0640625 0.075
0 0.52578125 0.515625 0.02734375 0.06640625
0 0.5015625 0.4734375 0.01171875 0.0453125