2 0.70859375 0.69765625 0.0734375 0.58046875
2 0.1640625 0.7015625 0.08046875 0.590625
2 0.046875 0.70703125 0.09375 0.58046875
2 0.9890625 0.659375 0.0203125 0.6765625
2 0.50546875 0.5171875 0.034375 0.23515625
2 0.66875 0.65546875 0.03515625 0.4546875
2 0.6140625 0.61484375 0.04375 0.3796875
2 0.59296875 0.5859375 0.03203125 0.3234375
2 0.66328125 0.55625 0.05703125 0.31015625
2 0.62578125 0.59453125 0.025 0.31796875
2 0.65859375 0.5171875 0.04296875 0.2484375
0 0.45703125 0.490625 0.046875 0.1203125