2 0.15234375 0.49765625 0.03046875 0.13828125
0 0.15625 0.4734375 0.06328125 0.1546875
0 0.20703125 0.4921875 0.06015625 0.11171875
0 0.265625 0.48125 0.06875 0.09296875
0 0.41640625 0.465625 0.059375 0.109375
0 0.440625 0.4703125 0.0453125 0.071875
0 0.478125 0.465625 0.046875 0.075
0 0.50625 0.475 0.05078125 0.05859375
0 0.53125 0.471875 0.03671875 0.05859375
0 0.55 0.471875 0.0421875 0.053125
0 0.571875 0.46796875 0.04765625 0.05625
0 0.60546875 0.44921875 0.0484375 0.07734375
0 0.6234375 0.45859375 0.04296875 0.05078125
0 0.63984375 0.46015625 0.03671875 0.0453125