0 0.10234375 0.71484375 0.2046875 0.4296875
0 0.1234375 0.64140625 0.246875 0.32265625
0 0.6125 0.61328125 0.09375 0.2078125
0 0.21953125 0.61328125 0.18984375 0.25078125
0 0.2609375 0.5796875 0.15 0.2375
0 0.30390625 0.56015625 0.11171875 0.1703125
0 0.6609375 0.56171875 0.11484375 0.12265625
0 0.35234375 0.50390625 0.08984375 0.1546875
0 0.52734375 0.4921875 0.0328125 0.11484375
0 0.3875 0.515625 0.06953125 0.07734375
0 0.40390625 0.50703125 0.06015625 0.0828125
0 0.5140625 0.4796875 0.02265625 0.08828125