0 0.378125 0.49765625 0.028125 0.1015625
1 0.43359375 0.58125 0.04375 0.26640625
0 0.8640625 0.7296875 0.2703125 0.5359375
0 0.60859375 0.65859375 0.178125 0.36015625
0 0.1390625 0.68125 0.17734375 0.3171875
0 0.21640625 0.59765625 0.10234375 0.23203125
0 0.50703125 0.56015625 0.084375 0.2078125
0 0.4703125 0.54140625 0.0671875 0.14921875
0 0.2546875 0.584375 0.05859375 0.146875
2 0.596875 0.52109375 0.0234375 0.1890625
0 0.27265625 0.55234375 0.04453125 0.109375
0 0.44609375 0.5265625 0.04375 0.10703125