0 0.06015625 0.78046875 0.1203125 0.4359375
0 0.30859375 0.68828125 0.1484375 0.33828125
0 0.14765625 0.71328125 0.21328125 0.36796875
1 0.75859375 0.69765625 0.153125 0.4078125
1 0.8640625 0.746875 0.1921875 0.5015625
0 0.415625 0.5625 0.0484375 0.1359375
0 0.44140625 0.53203125 0.02734375 0.0796875
0 0.4515625 0.50390625 0.0234375 0.08828125
0 0.56171875 0.54140625 0.084375 0.109375
0 0.55234375 0.5296875 0.075 0.08828125
0 0.528125 0.52109375 0.05625 0.07734375
0 0.46328125 0.5 0.0171875 0.05625
0 0.38203125 0.575 0.08359375 0.24296875