0 0.946875 0.5671875 0.1046875 0.1375
0 0.89453125 0.56328125 0.10234375 0.1328125
0 0.82578125 0.5625 0.09453125 0.14296875
0 0.50625 0.50703125 0.028125 0.08125
2 0.16328125 0.47421875 0.0140625 0.1296875
2 0.21171875 0.50234375 0.01796875 0.17265625
1 0.54921875 0.5296875 0.04765625 0.24296875
2 0.20234375 0.48125 0.0140625 0.1328125
2 0.371875 0.571875 0.0296875 0.29453125
2 0.40625 0.5625 0.05703125 0.28125
2 0.4421875 0.57265625 0.03828125 0.31328125
2 0.653125 0.62734375 0.0515625 0.44609375
2 0.66171875 0.61484375 0.05703125 0.39765625
2 0.484375 0.64296875 0.04765625 0.421875
2 0.5109375 0.61875 0.04609375 0.39765625
2 0.55078125 0.6109375 0.0375 0.3484375
2 0.39453125 0.5890625 0.0328125 0.33515625