2 0.91015625 0.58828125 0.0765625 0.51171875
1 0.2296875 0.68671875 0.0953125 0.4984375
0 0.77109375 0.72109375 0.271875 0.55234375
0 0.6328125 0.58828125 0.125 0.33828125
0 0.58828125 0.53828125 0.08125 0.234375
0 0.56640625 0.5296875 0.05078125 0.14921875
2 0.53125 0.47734375 0.0078125 0.0984375
2 0.53359375 0.47890625 0.0109375 0.09609375
0 0.4390625 0.4828125 0.0234375 0.07734375
2 0.48828125 0.47734375 0.00625 0.0640625
0 0.37734375 0.53046875 0.05078125 0.1171875
0 0.03515625 0.78125 0.0703125 0.434375
0 0.12734375 0.74296875 0.2546875 0.4609375
0 0.2671875 0.62265625 0.13515625 0.2640625
0 0.33125 0.55703125 0.0828125 0.184375