0 0.0625 0.771875 0.125 0.45078125
0 0.1953125 0.746875 0.27265625 0.4828125
0 0.97578125 0.534375 0.04765625 0.29296875
0 0.875 0.54765625 0.128125 0.23984375
0 0.7984375 0.534375 0.10703125 0.20234375
0 0.76171875 0.5171875 0.103125 0.165625
0 0.73046875 0.5109375 0.0984375 0.14921875
0 0.7046875 0.51328125 0.09609375 0.12265625
0 0.6125 0.5828125 0.09453125 0.23984375
0 0.58125 0.55234375 0.05859375 0.14140625
0 0.3828125 0.5625 0.078125 0.17578125
0 0.4125 0.52265625 0.06015625 0.16796875
0 0.63046875 0.4890625 0.0703125 0.1015625
0 0.51796875 0.4546875 0.04765625 0.1625