0 0.06875 0.76640625 0.1375 0.46171875
0 0.921875 0.53046875 0.1546875 0.4265625
0 0.23359375 0.7078125 0.19375 0.4
0 0.33203125 0.60390625 0.11484375 0.23203125
0 0.83515625 0.509375 0.1015625 0.1921875
0 0.7484375 0.5171875 0.09296875 0.15703125
0 0.70625 0.51328125 0.078125 0.13828125
0 0.68828125 0.5109375 0.078125 0.1203125
0 0.671875 0.4984375 0.0765625 0.11484375
0 0.57109375 0.54921875 0.06015625 0.16015625
0 0.4078125 0.53359375 0.0546875 0.128125
0 0.425 0.5078125 0.04609375 0.13046875
0 0.60625 0.48828125 0.0578125 0.08515625
0 0.5109375 0.45234375 0.0421875 0.14140625