0 0.0328125 0.70234375 0.06484375 0.36015625
0 0.12265625 0.61875 0.18828125 0.2453125
0 0.18984375 0.57734375 0.153125 0.19765625
0 0.228125 0.5703125 0.1390625 0.15703125
0 0.265625 0.54296875 0.12421875 0.15703125
0 0.296875 0.5453125 0.096875 0.12265625
0 0.3125 0.53203125 0.084375 0.0984375
0 0.328125 0.53359375 0.06796875 0.10390625
0 0.35 0.5296875 0.06953125 0.0796875
0 0.3609375 0.50703125 0.06015625 0.090625
0 0.37421875 0.5109375 0.059375 0.0796875
0 0.384375 0.5078125 0.05546875 0.071875