0 0.8953125 0.7203125 0.20859375 0.5546875
0 0.12578125 0.64921875 0.2515625 0.4921875
0 0.05859375 0.7359375 0.11640625 0.52265625
0 0.75859375 0.75859375 0.26484375 0.47734375
0 0.13515625 0.61875 0.2421875 0.365625
0 0.2140625 0.61484375 0.1890625 0.25625
0 0.24375 0.5890625 0.1875 0.2296875
0 0.32890625 0.55078125 0.1140625 0.1359375
0 0.36015625 0.53046875 0.0875 0.1359375
0 0.56015625 0.55625 0.04921875 0.125
0 0.63671875 0.63984375 0.1203125 0.2828125
0 0.5375 0.52421875 0.0328125 0.09609375
0 0.3875 0.52421875 0.07421875 0.090625