0 0.90078125 0.75625 0.19609375 0.4828125
0 0.7421875 0.73359375 0.240625 0.51484375
0 0.15234375 0.76640625 0.26640625 0.46171875
0 0.29765625 0.64296875 0.12109375 0.28828125
0 0.6 0.59296875 0.08515625 0.2109375
0 0.36171875 0.57890625 0.07421875 0.1890625
0 0.5734375 0.5546875 0.0640625 0.14140625
0 0.5515625 0.49765625 0.059375 0.20234375
0 0.51484375 0.525 0.021875 0.05859375
0 0.42890625 0.5375 0.02265625 0.053125
0 0.50078125 0.52109375 0.02578125 0.05859375
0 0.4796875 0.52265625 0.0203125 0.04296875