0 0.603125 0.60625 0.08359375 0.19453125
0 0.1640625 0.7578125 0.30390625 0.47890625
0 0.365625 0.58515625 0.08046875 0.19140625
0 0.53984375 0.53203125 0.0359375 0.090625
0 0.228125 0.5890625 0.10390625 0.178125
0 0.40234375 0.553125 0.05078125 0.11953125
0 0.3171875 0.5515625 0.05625 0.10625
0 0.35625 0.53203125 0.03671875 0.0796875
0 0.4359375 0.525 0.02265625 0.05546875
0 0.3953125 0.5078125 0.02734375 0.06640625
0 0.484375 0.5171875 0.01953125 0.0609375
0 0.50859375 0.51328125 0.01328125 0.0421875