0 0.49609375 0.5265625 0.0390625 0.12265625
0 0.325 0.55234375 0.0625 0.1171875
0 0.6796875 0.571875 0.15390625 0.23984375
0 0.6078125 0.53828125 0.10546875 0.146875
0 0.59765625 0.52421875 0.0859375 0.125
0 0.58984375 0.5078125 0.0734375 0.1171875
0 0.5609375 0.490625 0.06953125 0.109375
0 0.54921875 0.49609375 0.05390625 0.071875
0 0.334375 0.5078125 0.0421875 0.0828125
0 0.4421875 0.4640625 0.02421875 0.075
0 0.35703125 0.50234375 0.0328125 0.06953125
0 0.40390625 0.490625 0.02109375 0.03984375
0 0.309375 0.5015625 0.0265625 0.06171875
0 0.1171875 0.509375 0.03203125 0.06953125