0 0.2828125 0.73359375 0.18203125 0.4109375
0 0.1140625 0.771875 0.228125 0.45078125
1 0.8609375 0.753125 0.20390625 0.48828125
1 0.93046875 0.76015625 0.1375 0.475
0 0.41640625 0.57578125 0.05078125 0.146875
0 0.44453125 0.553125 0.0296875 0.090625
0 0.45390625 0.515625 0.02578125 0.09609375
0 0.571875 0.55078125 0.0890625 0.1171875
0 0.56015625 0.54296875 0.078125 0.090625
0 0.5359375 0.528125 0.0578125 0.0796875
0 0.46640625 0.509375 0.01796875 0.05859375
0 0.378125 0.59453125 0.09296875 0.26640625