0 0.49453125 0.54765625 0.04453125 0.1203125
0 0.0859375 0.74921875 0.171875 0.49609375
0 0.203125 0.67578125 0.2 0.38125
0 0.3296875 0.57734375 0.12578125 0.17890625
0 0.35703125 0.56015625 0.09765625 0.15703125
0 0.38515625 0.53359375 0.07578125 0.10703125
0 0.40625 0.4921875 0.0859375 0.1546875
0 0.890625 0.709375 0.2171875 0.57578125
2 0.61015625 0.56171875 0.02421875 0.17890625
0 0.825 0.57890625 0.1765625 0.22109375
0 0.490625 0.525 0.02734375 0.0828125
0 0.06015625 0.65234375 0.1203125 0.309375
0 0.9421875 0.54375 0.11328125 0.3171875
0 0.1765625 0.5265625 0.08671875 0.125
0 0.23359375 0.52265625 0.0546875 0.0796875
0 0.3359375 0.4796875 0.04765625 0.11171875