2 0.57421875 0.48125 0.01328125 0.15703125
2 0.2375 0.5171875 0.0359375 0.32421875
2 0.8875 0.6921875 0.08828125 0.6109375
2 0.88125 0.66875 0.13671875 0.65703125
2 0.8 0.6890625 0.10234375 0.61640625
2 0.871875 0.67734375 0.21953125 0.640625
2 0.4984375 0.5296875 0.0328125 0.2921875
2 0.53515625 0.5125 0.03125 0.30546875
2 0.478125 0.5 0.025 0.24296875
2 0.4578125 0.50234375 0.02578125 0.2484375
2 0.52421875 0.49296875 0.03203125 0.20234375
2 0.37578125 0.50703125 0.0234375 0.25390625
2 0.39921875 0.5078125 0.01953125 0.21328125
2 0.42109375 0.4890625 0.0234375 0.2375
2 0.4453125 0.5125 0.01953125 0.19765625
0 0.11015625 0.49921875 0.2203125 0.9984375