2 0.64375 0.68046875 0.05546875 0.47578125
2 0.70234375 0.66328125 0.06796875 0.48671875
2 0.040625 0.69375 0.06328125 0.48671875
2 0.315625 0.5921875 0.0390625 0.29375
2 0.54609375 0.54921875 0.021875 0.203125
2 0.70703125 0.5765625 0.0671875 0.31015625
2 0.91484375 0.5828125 0.071875 0.41171875
2 0.83515625 0.5640625 0.03984375 0.3234375
2 0.36484375 0.565625 0.0265625 0.20078125
0 0.35234375 0.60859375 0.03125 0.13359375
2 0.33828125 0.5640625 0.02578125 0.20625
2 0.96328125 0.575 0.06328125 0.390625
0 0.4421875 0.4921875 0.02578125 0.0859375
0 0.37109375 0.5171875 0.06640625 0.184375
0 0.3953125 0.5078125 0.0421875 0.14140625