0 0.49375 0.5625 0.06953125 0.2078125
0 0.06015625 0.675 0.1203125 0.315625
0 0.1390625 0.74375 0.278125 0.509375
0 0.34921875 0.56640625 0.07265625 0.1515625
0 0.28046875 0.5453125 0.07578125 0.1359375
0 0.3953125 0.52890625 0.04921875 0.109375
0 0.41953125 0.4546875 0.05703125 0.19453125
0 0.45078125 0.45859375 0.0234375 0.10625
0 0.0703125 0.59296875 0.140625 0.196875
0 0.1765625 0.54765625 0.08671875 0.13046875
0 0.3265625 0.4984375 0.03984375 0.0875
0 0.54296875 0.4984375 0.0171875 0.03984375