0 0.115625 0.7453125 0.23125 0.40546875
0 0.35 0.6359375 0.09921875 0.23984375
0 0.2375 0.65703125 0.13359375 0.25625
1 0.6828125 0.6203125 0.09765625 0.271875
0 0.95234375 0.55078125 0.09453125 0.2796875
1 0.7171875 0.6375 0.1078125 0.3203125
2 0.15859375 0.615625 0.02421875 0.2453125
0 0.41875 0.55625 0.04140625 0.1171875
0 0.44375 0.5265625 0.0203125 0.06171875
0 0.45234375 0.5 0.0171875 0.06640625
0 0.546875 0.53359375 0.075 0.0984375
0 0.51953125 0.515625 0.0515625 0.071875
0 0.39375 0.55703125 0.06640625 0.19765625