2 0.55078125 0.4703125 0.0171875 0.15390625
2 0.22734375 0.5421875 0.03046875 0.3296875
2 0.928125 0.66328125 0.1421875 0.6671875
2 0.6875 0.63515625 0.06875 0.51875
2 0.61796875 0.65234375 0.053125 0.5109375
2 0.78671875 0.65 0.0734375 0.5515625
2 0.86953125 0.66328125 0.06171875 0.52734375
2 0.7421875 0.5390625 0.02578125 0.2078125
2 0.43828125 0.6328125 0.05390625 0.4890625
2 0.471875 0.62421875 0.0359375 0.39453125
2 0.50234375 0.59609375 0.03984375 0.4328125
2 0.53671875 0.6171875 0.0359375 0.35390625
2 0.56015625 0.578125 0.03671875 0.38359375
2 0.421875 0.51484375 0.0296875 0.2671875
2 0.47890625 0.5203125 0.0359375 0.2484375
2 0.509375 0.5109375 0.03984375 0.2671875
2 0.55859375 0.5109375 0.03671875 0.25390625
0 0.109375 0.49921875 0.21875 0.9984375