0 0.946875 0.56875 0.1046875 0.1375
0 0.89453125 0.5625 0.10234375 0.1328125
0 0.82578125 0.5625 0.09453125 0.14296875
0 0.50625 0.50703125 0.028125 0.08125
2 0.69375 0.63359375 0.05390625 0.4375
2 0.23828125 0.5328125 0.04296875 0.21640625
2 0.2765625 0.53125 0.040625 0.2078125
2 0.3015625 0.53671875 0.02265625 0.221875
2 0.353125 0.56640625 0.0453125 0.28125
2 0.390625 0.5578125 0.034375 0.2484375
2 0.240625 0.559375 0.02734375 0.259375
2 0.27578125 0.55390625 0.02109375 0.2484375
2 0.3046875 0.55703125 0.02890625 0.221875
2 0.25390625 0.5390625 0.0234375 0.22421875