0 0.10703125 0.63984375 0.2140625 0.71484375
0 0.853125 0.75078125 0.29140625 0.49296875
0 0.709375 0.6546875 0.153125 0.365625
0 0.065625 0.53046875 0.13125 0.45859375
0 0.68203125 0.5359375 0.0984375 0.2640625
0 0.4921875 0.490625 0.03359375 0.1203125
0 0.73359375 0.44375 0.15078125 0.18671875
0 0.37109375 0.51328125 0.04375 0.090625
0 0.31875 0.49453125 0.0515625 0.12265625
0 0.59921875 0.4921875 0.046875 0.08828125
0 0.5375 0.44140625 0.02421875 0.08828125
0 0.50625 0.428125 0.0234375 0.12265625
0 0.22578125 0.51171875 0.06328125 0.09296875