0 0.496875 0.525 0.0390625 0.125
0 0.309375 0.5625 0.071875 0.13046875
0 0.69453125 0.58125 0.16328125 0.2640625
0 0.6140625 0.53984375 0.11015625 0.1546875
0 0.60234375 0.528125 0.0890625 0.13046875
0 0.5953125 0.5078125 0.0765625 0.12265625
0 0.56328125 0.4890625 0.071875 0.11484375
0 0.55078125 0.49765625 0.05546875 0.071875
0 0.33125 0.50703125 0.04375 0.08515625
0 0.43984375 0.4640625 0.02578125 0.07734375
0 0.35390625 0.50390625 0.03359375 0.071875
0 0.403125 0.490625 0.021875 0.04296875
0 0.30703125 0.5 0.02734375 0.06171875
0 0.109375 0.5109375 0.0328125 0.06953125