0 0.4265625 0.509375 0.01796875 0.04765625
0 0.48359375 0.56796875 0.06953125 0.18359375
0 0.08203125 0.7515625 0.1640625 0.4359375
0 0.06015625 0.58671875 0.1203125 0.3015625
0 0.2046875 0.61953125 0.1234375 0.22109375
0 0.39375 0.546875 0.04296875 0.13046875
0 0.26875 0.55859375 0.07109375 0.1359375
0 0.190625 0.55703125 0.08125 0.13046875
0 0.3171875 0.53046875 0.0375 0.08515625
0 0.2328125 0.515625 0.05859375 0.125
0 0.334375 0.52109375 0.02890625 0.06640625
0 0.35234375 0.4921875 0.0234375 0.0875
0 0.3921875 0.48515625 0.02734375 0.10625