0 0.16015625 0.74921875 0.3203125 0.49609375
0 0.859375 0.74140625 0.2796875 0.51171875
0 0.95 0.48671875 0.09921875 0.33828125
0 0.8875 0.5078125 0.22421875 0.35234375
0 0.3109375 0.63828125 0.12421875 0.27734375
0 0.36953125 0.57578125 0.08671875 0.184375
0 0.7921875 0.51328125 0.08828125 0.1625
0 0.72109375 0.515625 0.08203125 0.1359375
0 0.6875 0.509375 0.06953125 0.12265625
0 0.67578125 0.5109375 0.07109375 0.109375
0 0.56640625 0.53984375 0.05234375 0.1359375
0 0.4234375 0.528125 0.04765625 0.11171875
0 0.43671875 0.5078125 0.04140625 0.1171875
0 0.6046875 0.48671875 0.053125 0.07734375
0 0.5171875 0.45703125 0.03828125 0.13359375