0 0.4953125 0.5625 0.06796875 0.20234375
0 0.08125 0.66328125 0.16171875 0.303125
0 0.196875 0.70234375 0.22890625 0.42578125
0 0.36015625 0.5609375 0.065625 0.13828125
0 0.29296875 0.54375 0.06953125 0.125
0 0.40078125 0.5265625 0.04609375 0.10078125
0 0.42265625 0.4578125 0.05390625 0.18359375
0 0.45234375 0.45859375 0.02265625 0.10390625
0 0.09140625 0.58359375 0.15234375 0.18046875
0 0.19609375 0.5453125 0.07890625 0.12265625
0 0.33203125 0.4984375 0.0375 0.08515625
0 0.5375 0.5 0.0171875 0.03984375