0 0.171875 0.73984375 0.34375 0.51484375
0 0.83984375 0.71171875 0.31796875 0.5703125
0 0.3296875 0.653125 0.16796875 0.33828125
0 0.5578125 0.53359375 0.0546875 0.13359375
0 0.6984375 0.6984375 0.21640625 0.44296875
0 0.3671875 0.571875 0.09765625 0.20546875
2 0.2984375 0.5703125 0.0234375 0.26953125
2 0.3171875 0.55078125 0.01484375 0.215625
0 0.45 0.50703125 0.02890625 0.08828125
0 0.534375 0.50390625 0.03359375 0.090625
2 0.3234375 0.55703125 0.015625 0.22109375
0 0.51953125 0.4890625 0.02109375 0.06953125