0 0.459375 0.54296875 0.03828125 0.1015625
0 0.31171875 0.671875 0.08125 0.2265625
0 0.3953125 0.571875 0.03046875 0.1171875
0 0.26484375 0.59453125 0.13203125 0.1734375
0 0.3125 0.56796875 0.096875 0.15703125
0 0.35859375 0.54765625 0.08046875 0.10703125
0 0.38203125 0.53984375 0.06015625 0.090625
0 0.3953125 0.51171875 0.06171875 0.0984375
0 0.63046875 0.66015625 0.13515625 0.3203125
0 0.58828125 0.60546875 0.0734375 0.19765625
0 0.55703125 0.56953125 0.0609375 0.15234375
0 0.53125 0.4640625 0.059375 0.25859375
0 0.17109375 0.55703125 0.07890625 0.11171875
0 0.47109375 0.5265625 0.0296875 0.0828125