0 0.58046875 0.56796875 0.0671875 0.15703125
0 0.0578125 0.7609375 0.11484375 0.4734375
0 0.51875 0.50546875 0.025 0.0640625
0 0.25703125 0.68046875 0.190625 0.3671875
0 0.1296875 0.61953125 0.16796875 0.2421875
0 0.37421875 0.54765625 0.06015625 0.140625
0 0.27734375 0.5515625 0.07265625 0.12734375
0 0.32890625 0.515625 0.04375 0.1140625
0 0.4140625 0.52265625 0.034375 0.0796875
0 0.36640625 0.50546875 0.040625 0.090625
0 0.43359375 0.5109375 0.02421875 0.0609375
0 0.48359375 0.5109375 0.02421875 0.07421875