0 0.496875 0.52265625 0.034375 0.109375
0 0.92578125 0.71328125 0.14765625 0.56796875
0 0.8109375 0.66796875 0.2203125 0.42421875
0 0.69609375 0.60390625 0.1640625 0.26953125
0 0.64296875 0.565625 0.12734375 0.2265625
0 0.62421875 0.54765625 0.1140625 0.165625
0 0.603125 0.5296875 0.09921875 0.14921875
0 0.584375 0.51484375 0.07734375 0.0984375
0 0.4203125 0.509375 0.021875 0.053125
0 0.55859375 0.5015625 0.0578125 0.075
0 0.54296875 0.49609375 0.04765625 0.05859375
0 0.53359375 0.4828125 0.040625 0.06171875
0 0.3984375 0.49296875 0.021875 0.05078125
0 0.37734375 0.4921875 0.01484375 0.0375