0 0.49453125 0.5453125 0.04296875 0.1171875
0 0.2578125 0.62421875 0.1515625 0.26640625
0 0.3234375 0.52109375 0.1625 0.34375
0 0.3640625 0.5640625 0.10546875 0.1359375
0 0.43515625 0.5015625 0.04765625 0.07734375
0 0.5328125 0.4921875 0.03125 0.0984375
0 0.490625 0.52109375 0.02734375 0.0828125
0 0.3859375 0.5296875 0.10234375 0.15234375
0 0.03515625 0.57578125 0.0703125 0.15234375
0 0.08671875 0.64140625 0.1734375 0.3078125
0 0.20078125 0.56796875 0.1109375 0.18671875
2 0.06171875 0.53203125 0.01953125 0.17578125
2 0.165625 0.52265625 0.015625 0.10390625
0 0.271875 0.46953125 0.078125 0.1625