0 0.49453125 0.52421875 0.03671875 0.1171875
0 0.8875 0.728125 0.22421875 0.53828125
0 0.75859375 0.6453125 0.20390625 0.34375
0 0.38671875 0.515625 0.03359375 0.06953125
0 0.1046875 0.70703125 0.209375 0.3578125
0 0.615625 0.53203125 0.10703125 0.15234375
0 0.57578125 0.515625 0.0796875 0.10703125
0 0.54765625 0.4890625 0.05859375 0.090625
0 0.3546875 0.50234375 0.03359375 0.071875
0 0.37109375 0.49609375 0.02734375 0.06171875
0 0.409375 0.4890625 0.01953125 0.0375
0 0.33125 0.5 0.021875 0.053125