2 0.10390625 0.69140625 0.2078125 0.6125
2 0.52578125 0.565625 0.0265625 0.2515625
2 0.3703125 0.54140625 0.02265625 0.1734375
2 0.35390625 0.53984375 0.01875 0.16328125
2 0.19765625 0.80625 0.1125 0.38203125
2 0.59609375 0.5171875 0.01875 0.15546875
2 0.50546875 0.52578125 0.01796875 0.165625
2 0.56015625 0.5640625 0.02265625 0.24296875
2 0.584375 0.53203125 0.021875 0.19765625
2 0.6109375 0.5078125 0.01640625 0.17109375
0 0.4484375 0.5078125 0.03125 0.08046875
2 0.1890625 0.59375 0.0375 0.27265625
2 0.571875 0.55625 0.01875 0.20078125