0 0.4953125 0.5296875 0.0359375 0.11484375
0 0.92890625 0.74765625 0.140625 0.4984375
0 0.81484375 0.7 0.253125 0.53828125
0 0.725 0.62421875 0.1640625 0.2984375
0 0.6671875 0.57890625 0.1453125 0.2109375
0 0.4109375 0.5109375 0.02421875 0.053125
0 0.30859375 0.57578125 0.075 0.146875
0 0.59140625 0.5265625 0.08828125 0.1203125
0 0.56328125 0.51328125 0.0671875 0.08828125
0 0.5421875 0.48828125 0.053125 0.0796875
0 0.3671875 0.50234375 0.0296875 0.0640625
0 0.3828125 0.50234375 0.02421875 0.05625
0 0.3453125 0.5 0.01953125 0.04765625