0 0.50078125 0.5625 0.0578125 0.15703125
0 0.0609375 0.56640625 0.121875 0.24296875
0 0.65 0.55625 0.12421875 0.3625
2 0.24296875 0.65078125 0.05078125 0.52265625
0 0.1875 0.5078125 0.09921875 0.16796875
0 0.315625 0.55703125 0.1265625 0.21875
0 0.33984375 0.54921875 0.1140625 0.15703125
0 0.36796875 0.54765625 0.10625 0.13359375
0 0.40703125 0.5171875 0.0671875 0.10390625
0 0.43359375 0.4984375 0.05 0.06640625
0 0.5828125 0.53828125 0.05390625 0.1171875
0 0.5640625 0.51171875 0.04296875 0.109375
2 0.5375 0.5171875 0.0109375 0.09296875
0 0.490625 0.52109375 0.0328125 0.0984375
0 0.24296875 0.5 0.06328125 0.08828125