0 0.5046875 0.53984375 0.05 0.13359375
0 0.1 0.7359375 0.2 0.525
0 0.340625 0.5796875 0.1375 0.19765625
0 0.3828125 0.53203125 0.07890625 0.13046875
0 0.39921875 0.5171875 0.07734375 0.11171875
0 0.41953125 0.50234375 0.0625 0.0828125
0 0.44609375 0.4703125 0.0546875 0.09296875
0 0.8859375 0.68828125 0.2265625 0.61875
2 0.753125 0.74375 0.08125 0.50703125
0 0.72578125 0.6546875 0.1640625 0.30390625
0 0.64375 0.58671875 0.09296875 0.18671875
0 0.61015625 0.53359375 0.07109375 0.16796875
2 0.5625 0.50703125 0.0125 0.09296875
0 0.6609375 0.5078125 0.08046875 0.10390625
0 0.1453125 0.5890625 0.18125 0.234375
0 0.2421875 0.5453125 0.103125 0.1625
0 0.50234375 0.50390625 0.02890625 0.08828125
0 0.0484375 0.64296875 0.096875 0.3109375
0 0.2859375 0.528125 0.06640625 0.13046875
0 0.7625 0.490625 0.121875 0.15234375
0 0.06171875 0.55 0.1234375 0.171875