0 0.03359375 0.80390625 0.0671875 0.3890625
0 0.1359375 0.7296875 0.2265625 0.3625
0 0.25703125 0.6359375 0.11328125 0.22109375
0 0.321875 0.59296875 0.07734375 0.15234375
0 0.80703125 0.4828125 0.16796875 0.2
0 0.76015625 0.471875 0.10703125 0.18125
0 0.72421875 0.47734375 0.11015625 0.15703125
0 0.98828125 0.3984375 0.02265625 0.125
0 0.68125 0.4828125 0.10078125 0.13046875
0 0.3703125 0.55625 0.05390625 0.109375
0 0.5734375 0.534375 0.05703125 0.1359375
0 0.55703125 0.52109375 0.0421875 0.11484375