2 0.34609375 0.48125 0.01171875 0.10390625
0 0.33046875 0.4703125 0.04765625 0.1203125
0 0.36328125 0.4796875 0.046875 0.08828125
0 0.40859375 0.4734375 0.0546875 0.07734375
0 0.53203125 0.45703125 0.053125 0.09609375
0 0.553125 0.4640625 0.040625 0.0640625
0 0.58671875 0.45859375 0.04296875 0.06953125
0 0.6125 0.46640625 0.04765625 0.053125
0 0.6359375 0.46640625 0.03515625 0.053125
0 0.65546875 0.46796875 0.0390625 0.05078125
0 0.6765625 0.4625 0.046875 0.053125
0 0.71171875 0.446875 0.04921875 0.075
0 0.7296875 0.453125 0.04375 0.05078125
0 0.746875 0.45703125 0.0375 0.0453125