0 0.10546875 0.784375 0.2109375 0.4265625
0 0.890625 0.775 0.2171875 0.4453125
0 0.7265625 0.74921875 0.2578125 0.48515625
0 0.240625 0.74140625 0.23046875 0.41875
0 0.334375 0.61875 0.09453125 0.2265625
0 0.3796875 0.5828125 0.0703125 0.16015625
0 0.625 0.6 0.109375 0.234375
0 0.5890625 0.55625 0.0640625 0.16015625
0 0.77265625 0.5 0.10390625 0.1546875
0 0.5328125 0.51328125 0.03203125 0.075
0 0.49296875 0.51171875 0.0265625 0.05078125
0 0.46796875 0.4984375 0.03125 0.04296875
1 0.42421875 0.4984375 0.0140625 0.05078125