0 0.89765625 0.728125 0.203125 0.53828125
0 0.403125 0.63046875 0.15234375 0.30703125
0 0.8 0.75078125 0.27421875 0.49296875
0 0.709375 0.634375 0.13984375 0.3359375
0 0.95703125 0.4828125 0.08359375 0.20546875
0 0.90703125 0.47734375 0.15078125 0.2375
0 0.809375 0.49609375 0.1296875 0.2109375
0 0.47265625 0.52421875 0.053125 0.1203125
0 0.73671875 0.48828125 0.06875 0.10390625
0 0.615625 0.50703125 0.03671875 0.1015625
0 0.50546875 0.5015625 0.0359375 0.08515625
0 0.5828125 0.4453125 0.0359375 0.1203125