0 0.49453125 0.55703125 0.04296875 0.1171875
0 0.07421875 0.76640625 0.1484375 0.4640625
0 0.16875 0.72421875 0.2140625 0.453125
0 0.30859375 0.60234375 0.12734375 0.2
0 0.35546875 0.51328125 0.134375 0.26640625
0 0.38125 0.55859375 0.09140625 0.11484375
2 0.803125 0.715625 0.07578125 0.47734375
0 0.53125 0.4984375 0.02890625 0.090625
0 0.4921875 0.5265625 0.0265625 0.0828125
0 0.4 0.534375 0.08984375 0.13359375
0 0.0171875 0.5703125 0.03359375 0.1921875
0 0.08125 0.5734375 0.1109375 0.13359375
0 0.159375 0.60703125 0.1546875 0.2265625
0 0.2515625 0.56171875 0.0828125 0.15234375
2 0.128125 0.534375 0.015625 0.14921875
2 0.19921875 0.528125 0.0109375 0.09296875
0 0.2921875 0.49296875 0.06875 0.146875