0 0.6046875 0.5890625 0.0859375 0.19453125
0 0.2828125 0.64609375 0.15859375 0.340625
0 0.53203125 0.5078125 0.03125 0.07734375
0 0.08984375 0.63984375 0.1796875 0.2984375
0 0.36640625 0.56796875 0.0796875 0.17578125
0 0.26640625 0.5609375 0.08125 0.140625
0 0.3265625 0.5375 0.04921875 0.0984375
0 0.359375 0.50390625 0.03359375 0.09296875
0 0.42734375 0.51171875 0.02734375 0.06640625
0 0.3859375 0.49609375 0.03203125 0.07734375
0 0.4375 0.5 0.02109375 0.053125
0 0.484375 0.50234375 0.021875 0.06640625
0 0.5046875 0.490625 0.0109375 0.0375