0 0.69921875 0.66796875 0.2140625 0.50703125
0 0.07578125 0.75078125 0.1515625 0.4953125
0 0.109375 0.69765625 0.21875 0.384375
0 0.1453125 0.6203125 0.23125 0.28515625
0 0.2484375 0.55078125 0.196875 0.26171875
0 0.21328125 0.5921875 0.17890625 0.26171875
0 0.6140625 0.5890625 0.1015625 0.22109375
0 0.27265625 0.53984375 0.1359375 0.215625
0 0.309375 0.54921875 0.11796875 0.1625
0 0.3171875 0.53359375 0.125 0.1546875
0 0.36484375 0.509375 0.0859375 0.10390625
0 0.38359375 0.4921875 0.06953125 0.109375
0 0.54140625 0.51328125 0.0359375 0.09296875
0 0.57890625 0.55234375 0.06640625 0.16796875
0 0.52734375 0.4921875 0.0265625 0.0796875