0 0.4234375 0.50703125 0.01640625 0.04765625
0 0.44609375 0.54140625 0.04765625 0.140625
0 0.353125 0.56796875 0.06953125 0.1859375
0 0.09453125 0.64609375 0.18828125 0.28203125
0 0.053125 0.61015625 0.10546875 0.21796875
0 0.25390625 0.55546875 0.0703125 0.13046875
0 0.14609375 0.53203125 0.1015625 0.17578125
0 0.29921875 0.534375 0.04453125 0.090625
0 0.23125 0.534375 0.046875 0.0828125
0 0.340625 0.49296875 0.03125 0.109375
0 0.38125 0.484375 0.034375 0.125
0 0.39140625 0.46640625 0.0203125 0.10390625