0 0.49765625 0.52421875 0.040625 0.125
0 0.26484375 0.5921875 0.0984375 0.1703125
0 0.73125 0.6078125 0.18828125 0.3203125
0 0.6296875 0.5453125 0.12109375 0.1734375
0 0.61328125 0.53359375 0.096875 0.14375
0 0.603125 0.51328125 0.08125 0.13359375
0 0.56875 0.4890625 0.075 0.1203125
0 0.55390625 0.4984375 0.0578125 0.07734375
0 0.5375 0.4828125 0.040625 0.053125
0 0.3234375 0.51171875 0.046875 0.090625
0 0.43515625 0.465625 0.028125 0.0828125
0 0.34921875 0.50703125 0.0359375 0.075
0 0.36953125 0.50546875 0.028125 0.053125
0 0.4015625 0.4890625 0.02265625 0.04296875
0 0.3 0.50390625 0.02890625 0.0640625
0 0.0921875 0.51484375 0.03359375 0.075