0 0.671875 0.65703125 0.1578125 0.39765625
0 0.11640625 0.69296875 0.2328125 0.4078125
0 0.1625 0.625 0.246875 0.309375
0 0.19453125 0.58125 0.1828125 0.30390625
0 0.2359375 0.5828125 0.146875 0.18671875
0 0.30859375 0.5640625 0.125 0.15703125
0 0.334375 0.5546875 0.1125 0.14921875
0 0.3390625 0.5359375 0.08828125 0.14375
0 0.35 0.5265625 0.1078125 0.13046875
0 0.37265625 0.52421875 0.0765625 0.0984375
0 0.390625 0.49453125 0.06796875 0.10390625
1 0.46484375 0.490625 0.00625 0.05078125
0 0.5609375 0.54921875 0.04765625 0.125
0 0.61953125 0.515625 0.08671875 0.1203125
0 0.5171875 0.4984375 0.01953125 0.05078125