0 0.50234375 0.525 0.04921875 0.13359375
0 0.2984375 0.60234375 0.171875 0.25859375
0 0.36015625 0.52265625 0.08984375 0.15234375
0 0.3828125 0.51328125 0.08671875 0.128125
0 0.40859375 0.49453125 0.0703125 0.090625
0 0.43984375 0.45625 0.05859375 0.1015625
0 0.8265625 0.734375 0.27734375 0.46171875
0 0.67890625 0.60703125 0.125 0.2375
0 0.628125 0.53359375 0.0859375 0.2
2 0.56640625 0.49765625 0.0125 0.1015625
0 0.67578125 0.4984375 0.0890625 0.11484375
0 0.07890625 0.61875 0.1578125 0.315625
0 0.18359375 0.55078125 0.13828125 0.2
0 0.4984375 0.48828125 0.02890625 0.08828125
0 0.2484375 0.525 0.0828125 0.1546875
0 0.78671875 0.47734375 0.1359375 0.16796875
0 0.0234375 0.54140625 0.046875 0.1890625