2 0.05234375 0.66640625 0.09140625 0.52421875
2 0.1828125 0.54765625 0.03046875 0.26484375
2 0.165625 0.53515625 0.03125 0.259375
1 0.68125 0.55546875 0.04140625 0.2921875
2 0.50390625 0.54765625 0.025 0.19453125
0 0.44140625 0.50234375 0.01484375 0.12421875
1 0.40625 0.50703125 0.02109375 0.1375
2 0.0734375 0.640625 0.05390625 0.4375
2 0.6453125 0.49453125 0.01328125 0.1515625
2 0.56796875 0.47421875 0.01015625 0.09453125
2 0.5390625 0.4875 0.00703125 0.09765625
2 0.55078125 0.4796875 0.009375 0.09765625
2 0.60234375 0.4671875 0.01015625 0.09453125
2 0.6125 0.4671875 0.0109375 0.10234375