0 0.946875 0.56484375 0.10546875 0.1375
0 0.89453125 0.56328125 0.1015625 0.1328125
0 0.82578125 0.5625 0.09453125 0.14296875
0 0.50625 0.5078125 0.028125 0.08125
1 0.56640625 0.62578125 0.10625 0.3703125
1 0.6359375 0.5875 0.1171875 0.3515625
1 0.34296875 0.5390625 0.0328125 0.17578125
2 0.15703125 0.4671875 0.0171875 0.12734375
2 0.02421875 0.54296875 0.0484375 0.3078125
2 0.1765625 0.5 0.02109375 0.1703125
2 0.153125 0.4921875 0.021875 0.17265625
2 0.68984375 0.6484375 0.0578125 0.49453125
2 0.70625 0.6296875 0.053125 0.459375
2 0.8125 0.640625 0.06484375 0.5375
2 0.834375 0.690625 0.08828125 0.61328125