0 0.946875 0.5671875 0.1046875 0.1375
0 0.89453125 0.5625 0.10234375 0.1328125
0 0.82578125 0.5625 0.09453125 0.14296875
0 0.50625 0.50703125 0.028125 0.08125
2 0.9921875 0.7078125 0.01484375 0.578125
2 0.16328125 0.47421875 0.0140625 0.12734375
2 0.2546875 0.49765625 0.01484375 0.1375
1 0.43046875 0.4984375 0.0203125 0.1328125
2 0.21953125 0.47421875 0.01484375 0.11640625
2 0.2875 0.55 0.03046875 0.24609375
2 0.31328125 0.54453125 0.04609375 0.23515625
2 0.34375 0.55390625 0.0390625 0.25390625
2 0.4453125 0.5890625 0.03984375 0.33515625
2 0.4859375 0.57734375 0.046875 0.29765625
2 0.32109375 0.5890625 0.0328125 0.3109375
2 0.359375 0.57734375 0.0359375 0.29765625
2 0.38984375 0.571875 0.0390625 0.2625
2 0.2890625 0.5609375 0.03359375 0.26484375