0 0.946875 0.56640625 0.10546875 0.1375
0 0.89453125 0.56328125 0.1015625 0.1328125
0 0.82578125 0.5625 0.09453125 0.14296875
0 0.50625 0.5078125 0.028125 0.08125
1 0.45390625 0.57421875 0.0546875 0.25390625
1 0.50625 0.55390625 0.05625 0.2484375
1 0.38828125 0.5125 0.01953125 0.11640625
2 0.15546875 0.46640625 0.0140625 0.12734375
2 0.08515625 0.52578125 0.034375 0.2515625
2 0.20078125 0.49609375 0.01875 0.15703125
2 0.17421875 0.4875 0.01875 0.15703125
2 0.5671875 0.6203125 0.04375 0.41328125
2 0.6046875 0.6015625 0.05390625 0.3890625
2 0.66953125 0.6125 0.09921875 0.45390625
2 0.95234375 0.690625 0.09296875 0.61328125
2 0.66328125 0.6484375 0.0640625 0.50234375