0 0.50859375 0.56796875 0.05390625 0.1703125
0 0.7171875 0.6 0.1625 0.29296875
0 0.6109375 0.5453125 0.08125 0.13828125
0 0.57734375 0.53203125 0.0703125 0.0984375
0 0.1078125 0.6984375 0.21484375 0.3625
0 0.3703125 0.54375 0.05390625 0.1171875
0 0.43046875 0.5171875 0.03203125 0.071875
0 0.22734375 0.5796875 0.0984375 0.14375
0 0.28359375 0.546875 0.06171875 0.13046875
0 0.4734375 0.50234375 0.02421875 0.0453125
0 0.34765625 0.5265625 0.0453125 0.0828125
0 0.4078125 0.5171875 0.0375 0.05625
0 0.0859375 0.571875 0.10703125 0.146875
0 0.103125 0.54296875 0.09921875 0.0984375
0 0.534375 0.49453125 0.01953125 0.03984375