0 0.49375 0.5171875 0.01875 0.05078125
0 0.14921875 0.7296875 0.2484375 0.4578125
0 0.07578125 0.60234375 0.1515625 0.3234375
0 0.65234375 0.6609375 0.1609375 0.35078125
0 0.325 0.5875 0.0796875 0.1671875
0 0.23125 0.55078125 0.1046875 0.1890625
0 0.36875 0.5609375 0.05234375 0.11953125
0 0.46796875 0.534375 0.034375 0.10625
0 0.30703125 0.53984375 0.053125 0.0984375
0 0.40390625 0.52421875 0.02421875 0.06640625
0 0.3359375 0.51328125 0.040625 0.0984375
0 0.42109375 0.49296875 0.0171875 0.07421875
0 0.45546875 0.48671875 0.02421875 0.09609375