0 0.1421875 0.72421875 0.21015625 0.3703125
0 0.3578125 0.61875 0.09453125 0.22421875
0 0.24921875 0.63984375 0.125 0.23984375
1 0.69453125 0.59296875 0.09609375 0.26171875
0 0.94375 0.53828125 0.11015625 0.26953125
1 0.9875 0.7109375 0.02421875 0.5734375
0 0.93046875 0.8078125 0.13671875 0.34921875
1 0.76171875 0.61171875 0.11171875 0.30390625
0 0.4296875 0.53203125 0.03203125 0.09296875
0 0.54765625 0.52421875 0.0734375 0.09609375
0 0.51953125 0.50703125 0.05078125 0.06953125
0 0.40546875 0.5453125 0.05703125 0.1703125