0 0.4640625 0.5453125 0.0390625 0.1015625
0 0.2859375 0.70703125 0.09765625 0.271875
0 0.39140625 0.5796875 0.03359375 0.128125
0 0.246875 0.6109375 0.14375 0.19453125
0 0.3015625 0.57890625 0.10390625 0.1734375
0 0.35859375 0.553125 0.08203125 0.11171875
0 0.38125 0.54375 0.0625 0.0984375
0 0.39609375 0.51484375 0.0640625 0.10390625
0 0.6671875 0.70234375 0.1734375 0.39765625
0 0.60703125 0.62421875 0.08671875 0.2265625
0 0.56953125 0.57890625 0.06796875 0.16796875
0 0.5390625 0.4640625 0.0640625 0.27734375
0 0.1578125 0.56640625 0.08671875 0.1203125
0 0.478125 0.5296875 0.0296875 0.0828125