0 0.559375 0.55078125 0.05390625 0.13828125
0 0.1953125 0.76953125 0.2390625 0.45625
0 0.7796875 0.5359375 0.190625 0.184375
0 0.734375 0.49609375 0.15 0.19765625
0 0.33515625 0.590625 0.04765625 0.08515625
0 0.359375 0.55234375 0.0515625 0.12265625
0 0.2734375 0.61171875 0.09765625 0.1890625
0 0.67109375 0.50234375 0.10859375 0.128125
0 0.39609375 0.53203125 0.03359375 0.0796875
0 0.8953125 0.46171875 0.10078125 0.109375
0 0.8578125 0.4625 0.0953125 0.08828125
0 0.95859375 0.4375 0.08046875 0.16015625