0 0.4984375 0.5296875 0.04140625 0.13046875
0 0.19140625 0.64140625 0.1515625 0.24296875
0 0.78203125 0.64921875 0.22109375 0.4078125
0 0.64609375 0.56171875 0.1328125 0.19765625
0 0.62578125 0.54296875 0.10546875 0.16015625
0 0.6125 0.5203125 0.0875 0.14375
0 0.57421875 0.49453125 0.0796875 0.128125
0 0.5578125 0.5 0.0609375 0.0796875
0 0.5390625 0.4890625 0.04140625 0.05625
0 0.31484375 0.5171875 0.05 0.09609375
0 0.43046875 0.46953125 0.0296875 0.08828125
0 0.34296875 0.51328125 0.0375 0.07734375
0 0.365625 0.5109375 0.0296875 0.05625
0 0.4 0.49453125 0.02421875 0.0453125
0 0.29296875 0.509375 0.03046875 0.06640625
0 0.0734375 0.51875 0.034375 0.07734375