2 0.28984375 0.48671875 0.01484375 0.11484375
0 0.2796875 0.4734375 0.05078125 0.128125
0 0.31640625 0.484375 0.05 0.09296875
0 0.36484375 0.47734375 0.0578125 0.0796875
0 0.4953125 0.4625 0.0546875 0.0984375
0 0.5171875 0.46640625 0.0421875 0.06640625
0 0.5515625 0.4625 0.04375 0.06953125
0 0.578125 0.46953125 0.0484375 0.05625
0 0.6015625 0.4703125 0.03515625 0.05625
0 0.62109375 0.4703125 0.040625 0.05078125
0 0.64140625 0.46640625 0.046875 0.053125
0 0.6765625 0.44765625 0.0484375 0.075
0 0.69375 0.45703125 0.04296875 0.05078125
0 0.709375 0.45859375 0.03671875 0.0453125