0 0.07734375 0.74140625 0.1546875 0.51171875
0 0.0875 0.67578125 0.175 0.3859375
0 0.1515625 0.65703125 0.24765625 0.2984375
0 0.19453125 0.6015625 0.21953125 0.23984375
0 0.2703125 0.5828125 0.14375 0.1890625
0 0.2953125 0.5625 0.13984375 0.2078125
1 0.4359375 0.55078125 0.0125 0.0984375
0 0.853125 0.78828125 0.2921875 0.41875
0 0.87421875 0.6734375 0.24921875 0.4
0 0.8125 0.64140625 0.221875 0.290625
0 0.7390625 0.6265625 0.16328125 0.21875
0 0.7046875 0.59296875 0.11953125 0.18671875
0 0.6734375 0.59453125 0.13671875 0.1734375
0 0.64453125 0.5828125 0.12421875 0.1359375
0 0.63359375 0.56015625 0.1015625 0.146875
0 0.36484375 0.553125 0.08671875 0.09609375
0 0.38203125 0.553125 0.07421875 0.08828125
0 0.5265625 0.5453125 0.03125 0.0796875
0 0.51171875 0.528125 0.01953125 0.05625
0 0.49765625 0.4984375 0.01171875 0.04765625