0 0.4859375 0.5703125 0.0484375 0.13359375
0 0.190625 0.64296875 0.15234375 0.2828125
0 0.32890625 0.71484375 0.1640625 0.33828125
0 0.3828125 0.6203125 0.07890625 0.22109375
0 0.403125 0.584375 0.06015625 0.1546875
0 0.328125 0.56640625 0.0875 0.13359375
0 0.4453125 0.528125 0.02421875 0.0640625
2 0.97578125 0.76015625 0.046875 0.475
0 0.82265625 0.765625 0.35234375 0.4640625
0 0.6609375 0.70546875 0.16328125 0.33828125
0 0.59375 0.59609375 0.0796875 0.2109375
0 0.52734375 0.54375 0.0328125 0.08515625
0 0.52421875 0.4796875 0.04140625 0.1625
0 0.225 0.54140625 0.06015625 0.08515625
0 0.48125 0.53828125 0.03046875 0.09296875
0 0.1203125 0.553125 0.09375 0.1203125