0 0.9171875 0.7359375 0.16328125 0.52265625
0 0.7578125 0.6984375 0.275 0.59765625
0 0.63671875 0.5828125 0.13046875 0.34921875
0 0.59296875 0.55234375 0.0703125 0.19453125
2 0.5484375 0.49453125 0.01171875 0.11484375
2 0.5515625 0.4984375 0.0109375 0.11171875
0 0.43828125 0.5015625 0.02578125 0.08515625
2 0.5 0.490625 0.00859375 0.06953125
0 0.35703125 0.56171875 0.06484375 0.146875
0 0.04453125 0.78515625 0.08828125 0.42421875
0 0.14296875 0.73984375 0.26328125 0.45625
0 0.28046875 0.61328125 0.12265625 0.25625