0 0.05703125 0.7921875 0.11328125 0.4109375
0 0.9640625 0.55859375 0.0703125 0.33828125
0 0.91015625 0.54375 0.15234375 0.25859375
0 0.83984375 0.52421875 0.1375 0.21875
0 0.7890625 0.5265625 0.128125 0.16796875
0 0.75 0.50703125 0.09921875 0.14140625
0 0.7359375 0.69296875 0.21875 0.4796875
0 0.6359375 0.60703125 0.09609375 0.21875
0 0.3390625 0.62109375 0.13046875 0.27734375
0 0.3921875 0.553125 0.08984375 0.234375
0 0.66953125 0.4984375 0.0890625 0.125
0 0.425 0.55859375 0.053125 0.146875
0 0.4390625 0.53984375 0.046875 0.11171875
0 0.565625 0.49296875 0.05625 0.06640625
0 0.53046875 0.4546875 0.05390625 0.1890625