0 0.09921875 0.72421875 0.1984375 0.50703125
0 0.10234375 0.64375 0.2046875 0.34375
0 0.18046875 0.63828125 0.22265625 0.271875
0 0.215625 0.5890625 0.203125 0.22421875
0 0.2828125 0.5625 0.13515625 0.17890625
0 0.30546875 0.54375 0.1328125 0.19765625
1 0.43828125 0.5375 0.01171875 0.09296875
0 0.83671875 0.77578125 0.32421875 0.44296875
0 0.86328125 0.6546875 0.271875 0.36015625
0 0.78671875 0.62421875 0.2015625 0.2640625
0 0.72265625 0.609375 0.1515625 0.20546875
0 0.69375 0.57578125 0.11171875 0.17578125
0 0.66484375 0.575 0.1296875 0.1625
0 0.63984375 0.565625 0.11796875 0.13046875
0 0.62890625 0.54375 0.09765625 0.14140625
0 0.36953125 0.5359375 0.084375 0.09296875
0 0.38515625 0.5359375 0.07265625 0.08515625
0 0.52578125 0.53046875 0.03046875 0.07734375
0 0.51328125 0.51484375 0.01953125 0.053125
0 0.4984375 0.48515625 0.01171875 0.04765625