0 0.48203125 0.546875 0.046875 0.125
0 0.1171875 0.69765625 0.234375 0.4640625
0 0.31640625 0.56640625 0.11484375 0.15703125
0 0.34765625 0.56015625 0.09453125 0.128125
0 0.434375 0.53828125 0.04375 0.09296875
0 0.6015625 0.52109375 0.115625 0.346875
0 0.51484375 0.50546875 0.0203125 0.053125
0 0.2015625 0.5734375 0.096875 0.15234375
0 0.25859375 0.51875 0.09296875 0.18671875
0 0.4875 0.5171875 0.03125 0.09609375
0 0.15390625 0.53984375 0.071875 0.10703125
1 0.0984375 0.5453125 0.0359375 0.11171875