0 0.10625 0.7625 0.2125 0.46953125
0 0.246875 0.6890625 0.209375 0.38125
0 0.946875 0.52265625 0.1046875 0.271875
0 0.8328125 0.5375 0.11640625 0.21328125
0 0.76796875 0.525 0.09765625 0.18125
0 0.7390625 0.515625 0.09609375 0.15234375
0 0.71171875 0.509375 0.090625 0.13828125
0 0.68984375 0.51171875 0.08984375 0.11484375
0 0.5984375 0.5703125 0.0828125 0.21328125
0 0.571875 0.55078125 0.05390625 0.13046875
0 0.38984375 0.55234375 0.07109375 0.16015625
0 0.41484375 0.5171875 0.05625 0.15703125
0 0.62265625 0.490625 0.06640625 0.09609375
0 0.51484375 0.4546875 0.04609375 0.15703125