0 0.93984375 0.55234375 0.11953125 0.2984375
0 0.88125 0.53828125 0.1515625 0.2453125
0 0.8171875 0.53984375 0.13828125 0.18671875
0 0.76953125 0.53203125 0.10703125 0.1546875
0 0.80546875 0.7296875 0.3125 0.5359375
0 0.65625 0.628125 0.11328125 0.253125
0 0.31953125 0.65625 0.153125 0.325
0 0.3828125 0.5625 0.103125 0.25859375
0 0.73359375 0.52109375 0.09140625 0.13046875
0 0.6796875 0.50390625 0.0953125 0.13359375
0 0.68203125 0.4921875 0.11796875 0.13359375
0 0.41875 0.56171875 0.0578125 0.15703125
0 0.4359375 0.54375 0.05 0.1203125
0 0.61171875 0.4890625 0.06015625 0.06953125
0 0.5328125 0.46015625 0.05546875 0.19453125