0 0.5140625 0.58125 0.059375 0.1890625
0 0.665625 0.571875 0.1265625 0.2109375
0 0.596875 0.53984375 0.0703125 0.1171875
0 0.57109375 0.5296875 0.06171875 0.08515625
0 0.02578125 0.6734375 0.0515625 0.2375
0 0.32734375 0.571875 0.07109375 0.13828125
0 0.421875 0.5296875 0.0328125 0.0796875
0 0.459375 0.51171875 0.0234375 0.05625
0 0.271875 0.571875 0.07578125 0.1203125
0 0.31171875 0.54296875 0.05078125 0.11484375
0 0.36484375 0.528125 0.0390625 0.075
0 0.41875 0.52109375 0.034375 0.053125
0 0.15703125 0.5625 0.08203125 0.12265625
0 0.15625 0.53984375 0.08203125 0.08515625