0 0.49453125 0.54921875 0.04453125 0.1203125
0 0.1328125 0.73359375 0.2125 0.4796875
0 0.24453125 0.6375 0.17421875 0.31171875
0 0.34296875 0.5625 0.11640625 0.1625
0 0.365625 0.546875 0.090625 0.14375
0 0.390625 0.5296875 0.07265625 0.1015625
0 0.41015625 0.490625 0.08203125 0.146875
0 0.86015625 0.71171875 0.278125 0.5703125
2 0.6 0.56171875 0.02109375 0.165625
0 0.79296875 0.56796875 0.1578125 0.2
0 0.490625 0.5203125 0.02734375 0.0828125
0 0.08046875 0.6296875 0.16015625 0.27734375
0 0.9265625 0.534375 0.14609375 0.290625
0 0.19453125 0.51875 0.07890625 0.1171875
0 0.33984375 0.47734375 0.04609375 0.109375