0 0.94765625 0.56875 0.10390625 0.1375
0 0.89453125 0.5625 0.10234375 0.1328125
0 0.82578125 0.5625 0.09453125 0.14296875
0 0.50625 0.50703125 0.028125 0.08125
2 0.93828125 0.678125 0.0671875 0.52734375
2 0.94609375 0.678125 0.0453125 0.4484375
2 0.6 0.6109375 0.05390625 0.38359375
2 0.2234375 0.52421875 0.01796875 0.20234375
2 0.2734375 0.5203125 0.02421875 0.19765625
2 0.28359375 0.5328125 0.015625 0.20546875
2 0.3109375 0.5578125 0.03125 0.2625
2 0.35234375 0.55234375 0.03203125 0.2328125
2 0.2109375 0.5390625 0.02890625 0.240625
2 0.246875 0.5421875 0.028125 0.2328125
2 0.2734375 0.5484375 0.02421875 0.2078125
2 0.2453125 0.53359375 0.0359375 0.2078125