0 0.89296875 0.66015625 0.21171875 0.675
0 0.43046875 0.52265625 0.0484375 0.17578125
0 0.7828125 0.465625 0.2203125 0.2796875
0 0.2546875 0.5640625 0.078125 0.13828125
0 0.17265625 0.54140625 0.096875 0.1890625
0 0.36171875 0.50703125 0.03828125 0.0984375
0 0.58203125 0.51875 0.06796875 0.125
0 0.4609375 0.48125 0.028125 0.0828125
0 0.4921875 0.45234375 0.0296875 0.10703125
0 0.628125 0.50703125 0.071875 0.13046875
0 0.953125 0.43828125 0.09296875 0.19453125
0 0.4546875 0.4375 0.03046875 0.14921875
0 0.0890625 0.59765625 0.1546875 0.11171875
0 0.04296875 0.57890625 0.0859375 0.14921875