0 0.49921875 0.54921875 0.0546875 0.14921875
0 0.7328125 0.615625 0.2171875 0.5703125
0 0.10703125 0.52265625 0.1453125 0.22109375
0 0.259375 0.59765625 0.16484375 0.309375
0 0.30546875 0.58125 0.140625 0.2078125
0 0.34375 0.55625 0.1265625 0.16796875
0 0.3953125 0.5265625 0.07734375 0.12265625
0 0.4296875 0.4890625 0.0546875 0.071875
0 0.60390625 0.54765625 0.06953125 0.14375
0 0.5765625 0.52265625 0.05078125 0.125
2 0.5484375 0.5078125 0.01875 0.109375
0 0.49375 0.509375 0.03203125 0.09609375
0 0.21171875 0.49296875 0.07578125 0.1015625