0 0.69921875 0.53046875 0.19375 0.2265625
0 0.91796875 0.44375 0.103125 0.1015625
0 0.8890625 0.44921875 0.0984375 0.09609375
0 0.8625 0.44765625 0.096875 0.09296875
0 0.3703125 0.55078125 0.05234375 0.13046875
0 0.4375 0.525 0.040625 0.10390625
0 0.6609375 0.4703125 0.08828125 0.11171875
0 0.74609375 0.44765625 0.04453125 0.0828125
0 0.83046875 0.43359375 0.05078125 0.09609375
0 0.77578125 0.45078125 0.04921875 0.075
0 0.38984375 0.53828125 0.04453125 0.10390625
0 0.53359375 0.49765625 0.03125 0.06953125
0 0.4921875 0.50390625 0.021875 0.05859375