0 0.9703125 0.55625 0.0578125 0.33046875
0 0.91953125 0.54765625 0.15859375 0.2796875
0 0.84609375 0.53828125 0.15078125 0.20546875
0 0.7859375 0.53046875 0.11484375 0.16796875
0 0.840625 0.7375 0.3171875 0.5203125
0 0.6796875 0.64375 0.13828125 0.29296875
0 0.28828125 0.6828125 0.18984375 0.38671875
0 0.36875 0.56640625 0.11640625 0.28828125
0 0.746875 0.5171875 0.09765625 0.14140625
0 0.6890625 0.49453125 0.1015625 0.14140625
0 0.6890625 0.48671875 0.125 0.14140625
0 0.41171875 0.55859375 0.06328125 0.1703125
0 0.43203125 0.53828125 0.05390625 0.128125
0 0.53359375 0.45625 0.0578125 0.20234375