0 0.50546875 0.5546875 0.05078125 0.13828125
0 0.06484375 0.7375 0.1296875 0.5203125
0 0.16640625 0.715625 0.2734375 0.45859375
0 0.3390625 0.58671875 0.12421875 0.21875
0 0.353125 0.55078125 0.09921875 0.16796875
0 0.41328125 0.5203125 0.0765625 0.1015625
0 0.46171875 0.465625 0.04453125 0.071875
0 0.7421875 0.684375 0.19375 0.34375
0 0.63828125 0.5640625 0.0953125 0.21328125
2 0.584375 0.56015625 0.02421875 0.165625
0 0.578125 0.5265625 0.0421875 0.09609375
0 0.56953125 0.509375 0.0390625 0.1015625
0 0.503125 0.509375 0.03046875 0.090625
0 0.078125 0.51875 0.1375 0.15703125
0 0.69296875 0.484375 0.084375 0.109375