0 0.4953125 0.528125 0.03359375 0.10703125
0 0.04765625 0.63984375 0.0953125 0.23984375
0 0.14296875 0.58828125 0.13984375 0.19453125
0 0.68046875 0.57890625 0.13515625 0.24296875
0 0.653125 0.55859375 0.12265625 0.18671875
0 0.6078125 0.54921875 0.1015625 0.146875
0 0.5890625 0.534375 0.08671875 0.13828125
0 0.58359375 0.52265625 0.0796875 0.109375
0 0.57109375 0.515625 0.071875 0.10703125
0 0.43828125 0.5 0.015625 0.0375
0 0.53671875 0.49609375 0.040625 0.05078125
0 0.52890625 0.48515625 0.0359375 0.053125
0 0.41015625 0.49765625 0.01875 0.04296875