0 0.49453125 0.53984375 0.04609375 0.12265625
0 0.053125 0.66015625 0.10625 0.675
0 0.26015625 0.62109375 0.15859375 0.26953125
0 0.321875 0.565625 0.134375 0.253125
0 0.37109375 0.55078125 0.10078125 0.13359375
0 0.3796875 0.534375 0.08828125 0.1203125
0 0.40234375 0.5203125 0.0625 0.08515625
0 0.41796875 0.50546875 0.0546875 0.07734375
0 0.609375 0.52265625 0.10546875 0.290625
0 0.54140625 0.5078125 0.02578125 0.06640625
0 0.48828125 0.509375 0.02890625 0.08515625
0 0.08125 0.63359375 0.16171875 0.26953125
0 0.1078125 0.55078125 0.1265625 0.14375
0 0.2609375 0.50703125 0.0859375 0.2
0 0.19375 0.52109375 0.071875 0.1203125