0 0.134375 0.78125 0.26796875 0.43203125
0 0.8484375 0.76015625 0.3015625 0.475
0 0.68203125 0.72109375 0.196875 0.39765625
0 0.28046875 0.72265625 0.18125 0.3546875
0 0.35078125 0.6375 0.08203125 0.2109375
0 0.3875 0.60546875 0.06328125 0.15234375
0 0.61015625 0.61484375 0.09609375 0.215625
0 0.58046875 0.57890625 0.05859375 0.15234375
0 0.75859375 0.5171875 0.09765625 0.14375
0 0.53203125 0.54140625 0.03125 0.075
0 0.49375 0.534375 0.025 0.05078125
0 0.46875 0.528125 0.03046875 0.0453125
1 0.4296875 0.5296875 0.0109375 0.05078125