0 0.49453125 0.525 0.0375 0.1171875
0 0.9609375 0.73359375 0.07734375 0.528125
0 0.8234375 0.70703125 0.240625 0.45859375
0 0.375 0.528125 0.03828125 0.07734375
0 0.02890625 0.76796875 0.05703125 0.41328125
0 0.62890625 0.53984375 0.1171875 0.1703125
0 0.5828125 0.52265625 0.0859375 0.11484375
0 0.55078125 0.4921875 0.06171875 0.09609375
0 0.34921875 0.509375 0.0359375 0.075
0 0.3671875 0.49765625 0.02890625 0.06171875
0 0.40859375 0.49296875 0.01953125 0.0375
0 0.325 0.5015625 0.02265625 0.053125
0 0.15234375 0.51171875 0.03046875 0.06171875