0 0.5015625 0.53359375 0.0484375 0.15234375
0 0.85703125 0.7296875 0.2640625 0.5359375
0 0.7390625 0.62109375 0.1796875 0.33359375
0 0.68984375 0.553125 0.1359375 0.25078125
0 0.6125 0.50703125 0.11171875 0.1921875
0 0.58125 0.50703125 0.078125 0.109375
0 0.55078125 0.48515625 0.04921875 0.06640625
0 0.25625 0.5265625 0.07578125 0.13046875
0 0.3984375 0.471875 0.04609375 0.1359375
0 0.303125 0.5203125 0.053125 0.1015625
0 0.3390625 0.51328125 0.0390625 0.06953125
0 0.3875 0.4921875 0.02890625 0.05078125
0 0.24453125 0.515625 0.04375 0.08515625