0 0.17734375 0.5203125 0.3546875 0.9546875
2 0.67265625 0.534375 0.0265625 0.22109375
1 0.37109375 0.57890625 0.03359375 0.2265625
1 0.3984375 0.5359375 0.02109375 0.16015625
0 0.59296875 0.575 0.078125 0.20546875
0 0.5609375 0.5375 0.05859375 0.1734375
0 0.54609375 0.5203125 0.04609375 0.14375
2 0.50078125 0.484375 0.00859375 0.07734375
2 0.50234375 0.48515625 0.01015625 0.075
0 0.440625 0.48515625 0.01875 0.0640625
0 0.40234375 0.515625 0.0328125 0.08515625
0 0.32109375 0.5828125 0.08515625 0.184375