0 0.4984375 0.525 0.0421875 0.11171875
0 0.10234375 0.7109375 0.18984375 0.4078125
0 0.20390625 0.634375 0.171875 0.309375
0 0.30625 0.55859375 0.10703125 0.15234375
0 0.421875 0.5703125 0.06328125 0.15234375
0 0.440625 0.53828125 0.05078125 0.125
0 0.37421875 0.5171875 0.08046875 0.109375
0 0.6734375 0.66953125 0.15625 0.3359375
0 0.60546875 0.43828125 0.11640625 0.40234375
2 0.68984375 0.553125 0.021875 0.24296875
0 0.54296875 0.51171875 0.0328125 0.08828125
0 0.52109375 0.453125 0.03203125 0.1359375
0 0.48828125 0.50703125 0.028125 0.08515625
0 0.15703125 0.54140625 0.0828125 0.1171875