0 0.50625 0.553125 0.05078125 0.13828125
0 0.12421875 0.75078125 0.24765625 0.49296875
0 0.32265625 0.6 0.13671875 0.24765625
0 0.3421875 0.565625 0.11171875 0.184375
0 0.40859375 0.51875 0.08125 0.10703125
0 0.4609375 0.4625 0.0453125 0.075
0 0.8 0.74140625 0.25859375 0.4375
0 0.65390625 0.571875 0.109375 0.2375
2 0.59140625 0.56015625 0.02578125 0.18125
0 0.60625 0.5453125 0.06015625 0.13359375
0 0.58359375 0.5296875 0.04609375 0.1015625
0 0.5734375 0.51484375 0.0421875 0.10703125
0 0.17734375 0.575 0.15 0.18671875
0 0.503125 0.50390625 0.0296875 0.090625
0 0.0609375 0.534375 0.121875 0.171875
0 0.259375 0.53984375 0.090625 0.14375
0 0.7 0.48125 0.0875 0.11484375