0 0.51015625 0.5796875 0.07265625 0.2265625
0 0.85625 0.646875 0.27109375 0.7015625
0 0.66796875 0.56953125 0.13984375 0.234375
0 0.5828125 0.5 0.0703125 0.0984375
0 0.55859375 0.49296875 0.04609375 0.071875
0 0.5484375 0.48515625 0.04375 0.05625
0 0.06015625 0.61171875 0.1203125 0.275
0 0.1671875 0.56015625 0.11953125 0.18125
0 0.259375 0.54921875 0.071875 0.109375
0 0.3546875 0.5078125 0.04140625 0.06953125
0 0.37421875 0.49453125 0.02890625 0.075
0 0.40234375 0.490625 0.02734375 0.053125
0 0.43671875 0.48515625 0.0265625 0.03984375
0 0.9765625 0.55625 0.04609375 0.1203125
0 0.08671875 0.55703125 0.090625 0.14375