0 0.21875 0.70234375 0.19375 0.38671875
0 0.8359375 0.45078125 0.18203125 0.2109375
0 0.925 0.4359375 0.090625 0.13359375
0 0.3734375 0.56796875 0.0640625 0.13828125
0 0.3265625 0.59453125 0.10546875 0.2109375
0 0.5859375 0.5109375 0.05 0.11171875
0 0.4015625 0.54296875 0.04609375 0.11171875
0 0.421875 0.53359375 0.03125 0.0828125
0 0.51875 0.51484375 0.03046875 0.0828125
0 0.59609375 0.5078125 0.08125 0.09296875
0 0.553125 0.4984375 0.0375 0.06640625
0 0.5234375 0.4734375 0.034375 0.04296875
0 0.4203125 0.47734375 0.0359375 0.0375