2 0.5859375 0.6203125 0.05234375 0.4171875
2 0.6421875 0.59765625 0.05234375 0.41953125
2 0.1859375 0.59921875 0.0390625 0.31015625
2 0.50234375 0.53203125 0.02109375 0.20078125
2 0.60390625 0.55859375 0.0328125 0.29921875
2 0.93359375 0.63515625 0.08671875 0.58046875
2 0.95546875 0.58125 0.0546875 0.45703125
2 0.24609375 0.6203125 0.0515625 0.35
0 0.2203125 0.7125 0.07109375 0.24609375
2 0.1953125 0.62734375 0.034375 0.36875
2 0.84140625 0.55859375 0.04375 0.3984375
0 0.4359375 0.49453125 0.04296875 0.14140625
0 0.34453125 0.50703125 0.08046875 0.21640625
0 0.3765625 0.49765625 0.05 0.16015625