0 0.4578125 0.54140625 0.0375 0.1015625
0 0.1984375 0.76796875 0.35078125 0.45859375
0 0.16953125 0.6453125 0.18671875 0.309375
0 0.3578125 0.61171875 0.05546875 0.14921875
0 0.4046875 0.55625 0.0234375 0.09609375
0 0.30703125 0.56640625 0.1078125 0.13359375
0 0.3390625 0.54765625 0.08046875 0.125
0 0.37265625 0.5359375 0.0703125 0.090625
0 0.390625 0.53046875 0.05234375 0.0796875
0 0.4 0.50703125 0.0546875 0.08828125
0 0.8046875 0.49921875 0.259375 0.9984375
0 0.578125 0.5984375 0.08203125 0.2078125
0 0.55703125 0.571875 0.0515625 0.14375
0 0.53671875 0.55234375 0.04765625 0.1203125
0 0.5203125 0.46953125 0.0515625 0.215625
0 0.06484375 0.57734375 0.12890625 0.14921875
0 0.46484375 0.525 0.02734375 0.0828125