0 0.49453125 0.54921875 0.04296875 0.1171875
0 0.10625 0.74375 0.21171875 0.50703125
0 0.28671875 0.6109375 0.13828125 0.2296875
0 0.340625 0.51484375 0.14765625 0.3015625
0 0.3734375 0.56171875 0.0984375 0.125
0 0.43671875 0.49765625 0.04609375 0.075
2 0.89453125 0.7109375 0.08828125 0.5734375
0 0.53203125 0.4921875 0.03046875 0.09609375
0 0.490625 0.51484375 0.02734375 0.0828125
0 0.39296875 0.5265625 0.09609375 0.14140625
0 0.053125 0.56171875 0.10625 0.14375
0 0.11328125 0.61875 0.190625 0.26171875
0 0.22890625 0.54765625 0.0953125 0.16796875
2 0.09765625 0.51875 0.01875 0.16015625
2 0.18515625 0.5109375 0.01640625 0.0984375
0 0.2828125 0.45859375 0.07265625 0.1546875