0 0.88125 0.66640625 0.2359375 0.66171875
0 0.440625 0.5171875 0.046875 0.16796875
0 0.77890625 0.46796875 0.2125 0.26953125
0 0.27265625 0.55703125 0.07265625 0.13359375
0 0.19453125 0.534375 0.0890625 0.17890625
0 0.3734375 0.50390625 0.0359375 0.09296875
0 0.5859375 0.51875 0.06484375 0.1203125
0 0.46875 0.47890625 0.028125 0.0796875
0 0.4984375 0.44921875 0.0296875 0.10390625
0 0.63046875 0.50703125 0.06875 0.128125
0 0.9515625 0.434375 0.0953125 0.1921875
0 0.46328125 0.4359375 0.0296875 0.146875
0 0.11640625 0.5890625 0.14375 0.10390625
0 0.05703125 0.5734375 0.11328125 0.14140625
0 0.0171875 0.5703125 0.034375 0.11484375