0 0.5 0.55078125 0.05546875 0.14921875
0 0.0265625 0.56640625 0.053125 0.24765625
0 0.6953125 0.58828125 0.175 0.47734375
2 0.1140625 0.66953125 0.084375 0.65625
0 0.13828125 0.51875 0.12578125 0.2
0 0.28203125 0.575 0.15 0.271875
0 0.3203125 0.5625 0.1296875 0.18671875
0 0.353125 0.55078125 0.11796875 0.1546875
0 0.4 0.51875 0.0734375 0.11484375
0 0.43125 0.48671875 0.053125 0.06953125
0 0.59609375 0.546875 0.06328125 0.13359375
0 0.57265625 0.5203125 0.04765625 0.1203125
2 0.546875 0.5078125 0.01484375 0.10390625
0 0.4921875 0.509375 0.03203125 0.0984375
0 0.22578125 0.4921875 0.071875 0.09609375