0 0.534375 0.6984375 0.14140625 0.44296875
0 0.97109375 0.7375 0.05625 0.5203125
0 0.62890625 0.53203125 0.09921875 0.15234375
0 0.584375 0.51328125 0.059375 0.09609375
0 0.56484375 0.50390625 0.05390625 0.071875
0 0.384375 0.5296875 0.0421875 0.08828125
0 0.1078125 0.6203125 0.1546875 0.2
0 0.4578125 0.49453125 0.02265625 0.05078125
0 0.49140625 0.48515625 0.01796875 0.04296875
0 0.31328125 0.534375 0.05859375 0.09609375
0 0.34375 0.515625 0.040625 0.09609375
0 0.3859375 0.50703125 0.03515625 0.0640625
0 0.43046875 0.4984375 0.03203125 0.0453125
0 0.21953125 0.53203125 0.0625 0.0984375
0 0.21015625 0.5171875 0.0671875 0.071875