0 0.5359375 0.6890625 0.14609375 0.45625
0 0.92578125 0.72109375 0.146875 0.55234375
0 0.62265625 0.52109375 0.09609375 0.146875
0 0.58125 0.50546875 0.0578125 0.09296875
0 0.56328125 0.49765625 0.053125 0.06953125
0 0.46796875 0.48671875 0.01953125 0.04296875
0 0.128125 0.60703125 0.14140625 0.184375
0 0.3171875 0.5265625 0.05625 0.090625
0 0.34609375 0.50703125 0.0390625 0.09296875
0 0.38671875 0.4984375 0.034375 0.0640625
0 0.4296875 0.490625 0.03125 0.0453125
0 0.22578125 0.5203125 0.0609375 0.09296875
0 0.21640625 0.5109375 0.0640625 0.06953125