0 0.08984375 0.78046875 0.1796875 0.4359375
0 0.3296875 0.6640625 0.121875 0.28515625
0 0.19375 0.69296875 0.1703125 0.31171875
1 0.70234375 0.6640625 0.12265625 0.3359375
0 0.98984375 0.57890625 0.01875 0.3015625
1 0.77734375 0.7015625 0.1421875 0.415625
2 0.06875 0.64921875 0.0296875 0.3171875
0 0.415625 0.56796875 0.0453125 0.128125
0 0.44140625 0.53203125 0.02421875 0.075
0 0.45 0.50703125 0.0203125 0.0796875
0 0.553125 0.54296875 0.0796875 0.10390625
0 0.52265625 0.51875 0.05390625 0.075
0 0.3859375 0.575 0.07578125 0.22109375