0 0.15703125 0.75390625 0.3140625 0.4890625
2 0.5765625 0.5578125 0.05390625 0.30234375
1 0.9125 0.4515625 0.05 0.13515625
2 0.359375 0.5828125 0.06484375 0.31640625
2 0.359375 0.58515625 0.04921875 0.3515625
1 0.7875 0.48359375 0.02734375 0.1671875
2 0.09921875 0.5921875 0.02578125 0.23515625
2 0.08828125 0.60703125 0.0296875 0.22734375
1 0.34453125 0.5828125 0.0890625 0.28359375
2 0.059375 0.59296875 0.03515625 0.29453125
0 0.9765625 0.471875 0.04609375 0.11875
0 0.384375 0.4875 0.02578125 0.0625