0 0.08828125 0.6734375 0.1765625 0.42421875
0 0.09921875 0.60390625 0.18984375 0.3359375
0 0.2140625 0.59296875 0.24140625 0.25625
0 0.2390625 0.48515625 0.25546875 0.39765625
0 0.64609375 0.65078125 0.14296875 0.309375
0 0.7265625 0.5703125 0.1390625 0.18125
0 0.32421875 0.53359375 0.11796875 0.13828125
0 0.51875 0.49765625 0.0203125 0.04765625
0 0.4171875 0.490625 0.05390625 0.06640625
0 0.57734375 0.50546875 0.06015625 0.075
0 0.61640625 0.515625 0.075 0.10390625
0 0.94296875 0.771875 0.11171875 0.45078125