0 0.4859375 0.54765625 0.046875 0.125
0 0.090625 0.7296875 0.18125 0.5375
0 0.303125 0.575 0.125 0.1734375
0 0.3390625 0.5640625 0.10078125 0.13828125
0 0.434375 0.54140625 0.04609375 0.1015625
0 0.61796875 0.528125 0.13359375 0.3921875
0 0.56484375 0.55078125 0.06015625 0.13828125
0 0.5171875 0.50703125 0.02109375 0.053125
0 0.17734375 0.58671875 0.11015625 0.16796875
0 0.2453125 0.525 0.1015625 0.20234375
0 0.48984375 0.52265625 0.03125 0.09609375
0 0.1375 0.54296875 0.078125 0.11171875
1 0.06796875 0.54765625 0.04140625 0.1203125