2 0.68515625 0.68984375 0.04921875 0.51875
2 0.2359375 0.70078125 0.0765625 0.5375
2 0.1203125 0.6859375 0.0546875 0.49453125
2 0.9578125 0.7015625 0.0828125 0.590625
2 0.925 0.68984375 0.07890625 0.61484375
2 0.515625 0.5375 0.0234375 0.22421875
2 0.66171875 0.659375 0.05859375 0.4171875
2 0.6125 0.62421875 0.03125 0.353125
2 0.58984375 0.6 0.02890625 0.3046875
2 0.65078125 0.57109375 0.05234375 0.29375
2 0.61484375 0.609375 0.03125 0.296875
2 0.66171875 0.534375 0.04140625 0.23828125
0 0.45859375 0.5078125 0.04453125 0.11484375