0 0.49453125 0.525 0.03671875 0.1171875
0 0.97578125 0.7 0.046875 0.59453125
0 0.84921875 0.71875 0.2328125 0.51171875
0 0.73515625 0.625 0.18828125 0.30390625
0 0.39296875 0.51328125 0.03125 0.0640625
0 0.1703125 0.65625 0.1640625 0.27734375
0 0.61015625 0.528125 0.103125 0.14375
0 0.5734375 0.51328125 0.0765625 0.1015625
0 0.54609375 0.4890625 0.0578125 0.08828125
0 0.35703125 0.4984375 0.0328125 0.06953125
0 0.37265625 0.49609375 0.0265625 0.05859375
0 0.41015625 0.48828125 0.01875 0.0375
0 0.33359375 0.49609375 0.02109375 0.05078125