0 0.828125 0.77734375 0.3421875 0.43984375
0 0.55703125 0.5453125 0.05625 0.15234375
0 0.29296875 0.575 0.125 0.16015625
0 0.3171875 0.55703125 0.13359375 0.146875
0 0.3703125 0.53203125 0.09140625 0.125
0 0.53515625 0.5375 0.03203125 0.090625
2 0.13984375 0.54765625 0.01875 0.17890625
0 0.27734375 0.64921875 0.09375 0.17578125
0 0.2390625 0.665625 0.07109375 0.25078125
0 0.30078125 0.60546875 0.08046875 0.16796875
0 0.31953125 0.6015625 0.06640625 0.15234375
0 0.6703125 0.69453125 0.134375 0.2828125