2 0.54140625 0.4703125 0.01953125 0.15390625
2 0.2265625 0.540625 0.03515625 0.32734375
2 0.75390625 0.6828125 0.07265625 0.6296875
2 0.684375 0.69609375 0.078125 0.60546875
2 0.928125 0.6875 0.14140625 0.61875
2 0.96015625 0.7 0.078125 0.59453125
2 0.6765625 0.51640625 0.0296875 0.20546875
2 0.46328125 0.69609375 0.05625 0.5890625
2 0.49296875 0.6625 0.040625 0.4625
2 0.534375 0.6390625 0.04765625 0.5109375
2 0.5765625 0.6609375 0.04140625 0.4078125
2 0.60703125 0.61484375 0.05 0.44609375
2 0.6640625 0.6390625 0.05234375 0.42734375
2 0.43984375 0.53125 0.0296875 0.29453125
2 0.49609375 0.53515625 0.04140625 0.27265625
2 0.528125 0.5203125 0.0453125 0.29453125
2 0.5765625 0.52265625 0.046875 0.28125
0 0.109375 0.49921875 0.21875 0.9984375