0 0.51328125 0.5890625 0.08125 0.25625
0 0.928125 0.60390625 0.1421875 0.78671875
0 0.703125 0.59296875 0.1703125 0.290625
0 0.58984375 0.5 0.07421875 0.10703125
0 0.5625 0.49296875 0.0484375 0.075
0 0.55078125 0.48515625 0.0453125 0.05859375
0 0.02578125 0.615625 0.0515625 0.27734375
0 0.1234375 0.57890625 0.1453125 0.2078125
0 0.23671875 0.553125 0.0828125 0.1203125
0 0.346875 0.50703125 0.04375 0.075
0 0.3671875 0.49296875 0.03125 0.0796875
0 0.39921875 0.48828125 0.02890625 0.05625
0 0.434375 0.48125 0.02734375 0.03984375
0 0.27421875 0.50390625 0.046875 0.07734375
0 0.04375 0.565625 0.08671875 0.165625