0 0.65703125 0.56953125 0.09140625 0.32265625
0 0.38515625 0.61328125 0.13046875 0.21875
0 0.28984375 0.57890625 0.146875 0.26640625
0 0.55390625 0.53203125 0.05625 0.14140625
0 0.93515625 0.6015625 0.128125 0.26171875
0 0.69921875 0.49609375 0.04140625 0.11484375
0 0.7421875 0.46015625 0.05 0.14375
0 0.98359375 0.54921875 0.03125 0.22421875
0 0.69140625 0.43203125 0.046875 0.20234375
0 0.2 0.64296875 0.2125 0.16015625
0 0.1421875 0.6109375 0.1625 0.1921875
0 0.05546875 0.60703125 0.11015625 0.1546875
0 0.075 0.61171875 0.11484375 0.1546875
0 0.15625 0.53984375 0.0515625 0.12265625