0 0.50234375 0.54375 0.05625 0.17578125
0 0.9640625 0.73984375 0.0703125 0.51484375
0 0.834375 0.65234375 0.21328125 0.48828125
0 0.6625 0.525 0.1515625 0.2828125
0 0.603125 0.51875 0.09609375 0.14140625
0 0.56171875 0.48515625 0.05625 0.07734375
0 0.54765625 0.48125 0.0390625 0.05859375
0 0.1875 0.5453125 0.1140625 0.1734375
0 0.33359375 0.47734375 0.08828125 0.234375
0 0.26015625 0.53203125 0.071875 0.125
0 0.309375 0.525 0.05 0.0796875
0 0.3734375 0.49296875 0.0328125 0.05859375
0 0.3875 0.4828125 0.02421875 0.0640625
0 0.41015625 0.4796875 0.02421875 0.0453125
0 0.1921875 0.53046875 0.0578125 0.10390625