0 0.6546875 0.6640625 0.14765625 0.30703125
0 0.0828125 0.76171875 0.165625 0.46640625
0 0.11796875 0.6703125 0.2359375 0.34375
0 0.146875 0.646875 0.23828125 0.26953125
0 0.2171875 0.6109375 0.18359375 0.22421875
0 0.27734375 0.56953125 0.13359375 0.17890625
0 0.5625 0.565625 0.06796875 0.14921875
0 0.34609375 0.55234375 0.109375 0.12265625
0 0.54140625 0.5296875 0.0390625 0.090625
0 0.34765625 0.53984375 0.08515625 0.11484375
0 0.35625 0.52109375 0.07109375 0.1171875
0 0.52109375 0.5 0.02421875 0.06953125