0 0.53046875 0.66640625 0.1234375 0.384375
0 0.978125 0.73984375 0.0421875 0.51484375
0 0.63046875 0.534375 0.1 0.1546875
0 0.58515625 0.515625 0.059375 0.09609375
0 0.565625 0.50703125 0.05390625 0.071875
0 0.359375 0.5453125 0.0515625 0.10703125
0 0.10546875 0.62421875 0.15625 0.20234375
0 0.45 0.4984375 0.0234375 0.053125
0 0.484375 0.48671875 0.01953125 0.0453125
0 0.3125 0.5375 0.059375 0.09609375
0 0.34296875 0.51875 0.04140625 0.09609375
0 0.3859375 0.509375 0.03515625 0.0640625
0 0.43046875 0.5015625 0.03203125 0.0453125
0 0.21875 0.53359375 0.0625 0.0984375
0 0.209375 0.51875 0.0671875 0.071875