0 0.06796875 0.7109375 0.1359375 0.434375
0 0.128125 0.67265625 0.25625 0.3296875
0 0.17109375 0.61328125 0.23984375 0.26171875
0 0.2578125 0.58515625 0.15390625 0.2
0 0.284375 0.56015625 0.14765625 0.21875
1 0.43203125 0.54765625 0.0125 0.10390625
0 0.8765625 0.80390625 0.2453125 0.38671875
0 0.88828125 0.69765625 0.221875 0.45078125
0 0.84296875 0.6625 0.24765625 0.3203125
0 0.75625 0.6296875 0.17734375 0.2375
0 0.7171875 0.59609375 0.12734375 0.2
0 0.68203125 0.590625 0.14375 0.18125
0 0.6515625 0.57578125 0.1296875 0.14140625
0 0.63828125 0.5546875 0.10546875 0.15234375
0 0.36015625 0.55234375 0.08984375 0.0984375
0 0.37734375 0.54765625 0.0765625 0.090625
0 0.5265625 0.54140625 0.03203125 0.0828125
0 0.51171875 0.5203125 0.01953125 0.05625
0 0.496875 0.490625 0.01171875 0.04765625