0 0.4921875 0.5453125 0.0453125 0.12265625
0 0.17734375 0.690625 0.209375 0.3890625
0 0.275 0.60234375 0.1671875 0.3359375
0 0.34921875 0.57578125 0.11484375 0.16015625
0 0.3609375 0.55703125 0.10078125 0.14140625
0 0.39140625 0.5375 0.06953125 0.09609375
0 0.41171875 0.528125 0.059375 0.08515625
0 0.63671875 0.5546875 0.13828125 0.36796875
0 0.59140625 0.56796875 0.06640625 0.146875
0 0.54453125 0.5296875 0.02890625 0.075
0 0.525 0.48125 0.0234375 0.0828125
0 0.48984375 0.52109375 0.0296875 0.08515625
0 0.02734375 0.665625 0.05390625 0.2984375
0 0.05859375 0.57890625 0.11640625 0.17578125
0 0.221875 0.5171875 0.11015625 0.2375
0 0.15 0.53984375 0.0875 0.13828125