2 0.54765625 0.471875 0.01640625 0.15390625
2 0.24296875 0.5390625 0.03203125 0.32734375
2 0.9046875 0.74609375 0.17265625 0.50234375
2 0.93359375 0.73515625 0.13125 0.52421875
2 0.4875 0.48671875 0.01953125 0.1703125
2 0.55625 0.56875 0.0375 0.37265625
2 0.54765625 0.53359375 0.04921875 0.32421875
2 0.5046875 0.5703125 0.03671875 0.3671875
2 0.49765625 0.56640625 0.03828125 0.38125
2 0.4421875 0.4796875 0.025 0.1921875
2 0.4609375 0.47578125 0.02109375 0.20234375
2 0.4328125 0.47734375 0.0203125 0.18125
2 0.409375 0.48515625 0.0203125 0.1921875
2 0.34140625 0.4828125 0.02109375 0.1921875
2 0.3671875 0.48671875 0.01796875 0.1703125
2 0.390625 0.47421875 0.01875 0.1921875
0 0.11015625 0.49921875 0.2203125 0.9984375