0 0.49765625 0.52421875 0.04296875 0.11484375
0 0.1578125 0.6703125 0.16640625 0.3359375
0 0.23671875 0.6015625 0.15390625 0.26640625
0 0.31953125 0.55078125 0.10078125 0.14140625
0 0.4265625 0.56171875 0.0578125 0.13828125
0 0.44375 0.53046875 0.046875 0.1171875
0 0.38046875 0.50234375 0.07734375 0.10390625
0 0.646875 0.6296875 0.1265625 0.2796875
0 0.59765625 0.43828125 0.10625 0.36796875
2 0.6734375 0.54140625 0.0234375 0.21875
0 0.53984375 0.5015625 0.03125 0.08515625
0 0.52109375 0.4453125 0.03125 0.13359375
0 0.48984375 0.50703125 0.028125 0.08515625
0 0.17890625 0.525 0.075 0.109375