0 0.3953125 0.534375 0.0625 0.2265625
0 0.85078125 0.4625 0.2890625 0.3703125
0 0.16953125 0.5890625 0.115625 0.184375
0 0.0671875 0.57890625 0.134375 0.25078125
0 0.32109375 0.52109375 0.05 0.1171875
0 0.58515625 0.53046875 0.0875 0.15703125
0 0.44140625 0.4828125 0.03046875 0.09296875
0 0.4765625 0.44765625 0.0328125 0.1171875
0 0.64453125 0.51875 0.08984375 0.1625
0 0.71328125 0.5203125 0.10390625 0.1359375
0 0.9796875 0.4359375 0.0390625 0.20546875
0 0.43515625 0.43828125 0.034375 0.16796875
0 0.03671875 0.621875 0.0734375 0.11875