0 0.47109375 0.525 0.03828125 0.10390625
0 0.08984375 0.69765625 0.1796875 0.3796875
0 0.30625 0.73046875 0.184375 0.40546875
0 0.38125 0.6109375 0.10078125 0.24296875
0 0.2953125 0.55859375 0.12109375 0.17578125
0 0.4234375 0.52265625 0.0171875 0.071875
0 0.35234375 0.515625 0.08125 0.09609375
0 0.4140625 0.48671875 0.04765625 0.075
0 0.74453125 0.47734375 0.346875 0.9546875
2 0.98125 0.709375 0.0359375 0.57578125
0 0.54765625 0.54375 0.05 0.13046875
0 0.52578125 0.52109375 0.034375 0.08828125
0 0.5140625 0.45234375 0.04296875 0.1734375
0 0.1796875 0.5265625 0.07578125 0.10390625
0 0.465625 0.50703125 0.0265625 0.0796875