0 0.5125 0.57890625 0.0578125 0.184375
0 0.67421875 0.57578125 0.13359375 0.22421875
0 0.6 0.54140625 0.07265625 0.12265625
0 0.57265625 0.5296875 0.06328125 0.08828125
0 0.29765625 0.5890625 0.08671875 0.165625
0 0.41171875 0.53359375 0.03515625 0.08515625
0 0.45390625 0.515625 0.025 0.05859375
0 0.2625 0.575 0.08046875 0.125
0 0.30703125 0.54375 0.05234375 0.1171875
0 0.36171875 0.53046875 0.040625 0.075
0 0.415625 0.5203125 0.0359375 0.053125
0 0.1421875 0.5640625 0.08671875 0.125
0 0.14375 0.53984375 0.0859375 0.08828125