0 0.7328125 0.6984375 0.26015625 0.59453125
0 0.0484375 0.75234375 0.096875 0.490625
0 0.09296875 0.73203125 0.1859375 0.43984375
0 0.1203125 0.634375 0.240625 0.3171875
0 0.23359375 0.5546875 0.21171875 0.2796875
0 0.19140625 0.5984375 0.1953125 0.28515625
0 0.62578125 0.59453125 0.1109375 0.23984375
0 0.26015625 0.54140625 0.1453125 0.2296875
0 0.30078125 0.56171875 0.125 0.1703125
0 0.31015625 0.5359375 0.13125 0.1625
0 0.3609375 0.5015625 0.0890625 0.109375
0 0.38203125 0.4890625 0.071875 0.11171875
0 0.54375 0.5109375 0.0375 0.0984375
0 0.58515625 0.553125 0.07109375 0.17578125
0 0.52890625 0.484375 0.02734375 0.0796875