0 0.48515625 0.534375 0.04609375 0.12265625
0 0.1421875 0.753125 0.246875 0.48828125
0 0.22578125 0.64140625 0.19296875 0.3203125
0 0.33046875 0.56171875 0.1078125 0.16015625
0 0.37578125 0.534375 0.0859375 0.125
0 0.425 0.50234375 0.05859375 0.0828125
0 0.85 0.49921875 0.296875 0.9984375
0 0.7203125 0.67734375 0.18828125 0.35234375
0 0.56484375 0.5375 0.04609375 0.10703125
0 0.53125 0.4796875 0.0296875 0.1015625
0 0.2734375 0.534375 0.0671875 0.11171875
0 0.49140625 0.51328125 0.0296875 0.090625
0 0.0265625 0.553125 0.053125 0.440625
0 0.0515625 0.55234375 0.103125 0.1390625
0 0.196875 0.51875 0.07109375 0.09296875