0 0.71484375 0.5359375 0.2125 0.24765625
0 0.9328125 0.44765625 0.1078125 0.10703125
0 0.9015625 0.453125 0.10234375 0.0984375
0 0.875 0.44921875 0.10078125 0.0984375
0 0.3609375 0.55234375 0.05625 0.13828125
0 0.43046875 0.53203125 0.04453125 0.11484375
0 0.6640625 0.46640625 0.09296875 0.1171875
0 0.75078125 0.45234375 0.0453125 0.08515625
0 0.83671875 0.434375 0.05234375 0.0984375
0 0.78203125 0.45078125 0.05078125 0.07734375
0 0.38359375 0.53828125 0.04765625 0.10703125
0 0.5328125 0.5015625 0.03203125 0.071875
0 0.48984375 0.50546875 0.02265625 0.05859375