0 0.93203125 0.7796875 0.134375 0.434375
0 0.78671875 0.74296875 0.25390625 0.509375
0 0.01640625 0.54375 0.0328125 0.509375
0 0.03359375 0.5828125 0.0671875 0.16875
0 0.70625 0.56796875 0.1078125 0.328125
0 0.4828125 0.49453125 0.03671875 0.13046875
0 0.74375 0.453125 0.1640625 0.20546875
0 0.35234375 0.5203125 0.0484375 0.0984375
0 0.29453125 0.50234375 0.05859375 0.13359375
0 0.425 0.48671875 0.028125 0.07734375
0 0.596875 0.4921875 0.05078125 0.09609375
0 0.53046875 0.44140625 0.02578125 0.09296875
0 0.63515625 0.4921875 0.053125 0.1015625
0 0.49765625 0.428125 0.02578125 0.128125
0 0.24375 0.54375 0.08984375 0.06953125
0 0.1921875 0.52421875 0.0734375 0.1015625
0 0.11015625 0.5296875 0.06640625 0.090625
0 0.1453125 0.528125 0.05625 0.08828125
0 0.109375 0.490625 0.0359375 0.09296875