0 0.18359375 0.7484375 0.3671875 0.5
0 0.9703125 0.8 0.05703125 0.39453125
0 0.83671875 0.7359375 0.32421875 0.52265625
0 0.990625 0.47890625 0.01796875 0.24296875
0 0.934375 0.51328125 0.1296875 0.32265625
0 0.85625 0.49609375 0.20390625 0.30703125
0 0.34140625 0.59765625 0.1015625 0.23203125
0 0.38828125 0.56015625 0.07734375 0.165625
0 0.7796875 0.49765625 0.084375 0.15234375
0 0.71640625 0.5015625 0.07734375 0.125
0 0.6859375 0.49296875 0.06640625 0.11484375
0 0.67265625 0.4984375 0.06796875 0.1015625
0 0.5703125 0.53203125 0.04921875 0.128125
0 0.4359375 0.515625 0.0453125 0.10703125
0 0.45 0.49765625 0.03828125 0.11171875
0 0.61015625 0.4734375 0.0515625 0.075
0 0.5234375 0.446875 0.0375 0.13046875