0 0.17890625 0.73828125 0.24140625 0.45625
0 0.8671875 0.44921875 0.20078125 0.2296875
0 0.9515625 0.428125 0.09609375 0.14140625
0 0.3703125 0.565625 0.06953125 0.146875
0 0.31640625 0.60390625 0.1171875 0.23203125
0 0.59453125 0.5109375 0.053125 0.1171875
0 0.4015625 0.53828125 0.0484375 0.1171875
0 0.42421875 0.53203125 0.0328125 0.08828125
0 0.5234375 0.51171875 0.03203125 0.08515625
0 0.6046875 0.5078125 0.08515625 0.0984375
0 0.5578125 0.4984375 0.03828125 0.06953125
0 0.53671875 0.46796875 0.03515625 0.04296875
0 0.4515625 0.4703125 0.0359375 0.034375