2 0.5296875 0.4703125 0.01953125 0.15390625
2 0.2171875 0.5390625 0.03515625 0.32421875
2 0.50078125 0.471875 0.025 0.1890625
2 0.8125 0.65390625 0.2921875 0.68671875
2 0.70703125 0.7296875 0.175 0.53515625
2 0.7359375 0.6703125 0.1640625 0.65390625
2 0.8109375 0.75546875 0.1484375 0.48359375
2 0.84921875 0.69609375 0.16875 0.60234375
2 0.9328125 0.7171875 0.13203125 0.559375
2 0.43984375 0.7203125 0.075 0.55390625
2 0.4890625 0.6109375 0.05078125 0.4515625
2 0.5859375 0.621875 0.046875 0.4109375
2 0.628125 0.59453125 0.0484375 0.4375
2 0.6890625 0.571875 0.0703125 0.4109375
0 0.109375 0.49921875 0.21875 0.9984375