2 0.965625 0.60390625 0.06796875 0.7859375
2 0.18515625 0.8140625 0.14453125 0.36640625
2 0.38984375 0.6375 0.034375 0.44140625
2 0.3484375 0.659375 0.053125 0.44375
2 0.525 0.5296875 0.0234375 0.21953125
2 0.51484375 0.49609375 0.02421875 0.15546875
2 0.56171875 0.53203125 0.01796875 0.2140625
2 0.596875 0.5015625 0.01875 0.17890625
2 0.6046875 0.48671875 0.0125 0.1578125
0 0.46953125 0.48359375 0.028125 0.071875
2 0.325 0.54921875 0.02734375 0.221875
2 0.58203125 0.52109375 0.01953125 0.18203125