2 0.82265625 0.659375 0.09609375 0.6765625
2 0.86640625 0.59453125 0.0703125 0.61796875
2 0.0921875 0.84921875 0.15546875 0.296875
2 0.2984375 0.7046875 0.07890625 0.2890625
2 0.15078125 0.83671875 0.146875 0.32109375
2 0.42265625 0.56171875 0.025 0.259375
2 0.39921875 0.56171875 0.02890625 0.24609375
2 0.48671875 0.5265625 0.02265625 0.1953125
2 0.5015625 0.4984375 0.01484375 0.14453125
2 0.528125 0.5265625 0.01953125 0.18984375
2 0.584375 0.4984375 0.015625 0.16328125
0 0.4578125 0.48125 0.02578125 0.0671875
2 0.39375 0.53046875 0.015625 0.18984375
2 0.55546875 0.51875 0.01484375 0.16875