0 0.08515625 0.73203125 0.16953125 0.53046875
0 0.8453125 0.68515625 0.30859375 0.62421875
0 0.459375 0.57890625 0.1125 0.2296875
0 0.725 0.66796875 0.14765625 0.37890625
0 0.696875 0.57578125 0.09765625 0.253125
0 0.9546875 0.46640625 0.0890625 0.1890625
0 0.8984375 0.45703125 0.12890625 0.2109375
0 0.809375 0.47578125 0.11015625 0.184375
0 0.5109375 0.50703125 0.04921875 0.10703125
0 0.64296875 0.490625 0.034375 0.09296875
0 0.5421875 0.484375 0.03359375 0.0796875
0 0.61640625 0.4296875 0.0359375 0.1171875