0 0.73359375 0.54140625 0.234375 0.275
0 0.9484375 0.4453125 0.1015625 0.11171875
0 0.9203125 0.45078125 0.1078125 0.10390625
0 0.88828125 0.45078125 0.10546875 0.1015625
0 0.35234375 0.55859375 0.06015625 0.14921875
0 0.42421875 0.53828125 0.04921875 0.125
0 0.6703125 0.4640625 0.096875 0.1203125
0 0.75859375 0.45234375 0.04765625 0.08828125
0 0.8453125 0.43046875 0.05546875 0.10390625
0 0.78984375 0.45078125 0.053125 0.0796875
0 0.3765625 0.5453125 0.05234375 0.11171875
0 0.5328125 0.50390625 0.0328125 0.075
0 0.4890625 0.50703125 0.0234375 0.06171875