0 0.45625 0.54140625 0.03671875 0.1015625
0 0.1734375 0.77578125 0.34609375 0.44296875
0 0.12265625 0.67890625 0.2109375 0.3734375
0 0.34609375 0.628125 0.0609375 0.16796875
0 0.40234375 0.55859375 0.02578125 0.1015625
0 0.29375 0.571875 0.1140625 0.14375
0 0.3296875 0.55234375 0.084375 0.13359375
0 0.3671875 0.53828125 0.0734375 0.09296875
0 0.3859375 0.53203125 0.0546875 0.0828125
0 0.39765625 0.50703125 0.05703125 0.090625
0 0.590625 0.615625 0.0953125 0.234375
0 0.56484375 0.5828125 0.05703125 0.15703125
0 0.54140625 0.55703125 0.0515625 0.128125
0 0.521875 0.46796875 0.05390625 0.2296875
0 0.19765625 0.546875 0.0671875 0.0984375
0 0.465625 0.52265625 0.028125 0.0828125