0 0.51640625 0.58828125 0.0640625 0.20234375
0 0.6515625 0.56171875 0.11640625 0.1890625
0 0.59296875 0.5375 0.0671875 0.11171875
0 0.56953125 0.5265625 0.05859375 0.0828125
0 0.0515625 0.671875 0.103125 0.2453125
0 0.3671875 0.55078125 0.05234375 0.10703125
0 0.43671875 0.52109375 0.02890625 0.06953125
0 0.4703125 0.5078125 0.0203125 0.05078125
0 0.28515625 0.565625 0.06953125 0.11171875
0 0.32265625 0.53984375 0.04765625 0.10703125
0 0.371875 0.525 0.0375 0.071875
0 0.421875 0.51875 0.03359375 0.05078125
0 0.17890625 0.55703125 0.075 0.11484375
0 0.17265625 0.5375 0.07734375 0.0828125