0 0.4890625 0.54296875 0.04609375 0.12265625
0 0.0796875 0.74296875 0.15859375 0.509375
0 0.19609375 0.66171875 0.22109375 0.49609375
0 0.31875 0.58515625 0.1359375 0.2
0 0.33828125 0.5546875 0.11640625 0.165625
0 0.37734375 0.5265625 0.07734375 0.10703125
0 0.403125 0.51484375 0.06484375 0.09296875
0 0.6828125 0.55859375 0.19921875 0.5015625
0 0.61171875 0.57578125 0.08203125 0.17578125
0 0.5484375 0.5203125 0.03203125 0.0796875
0 0.52578125 0.4828125 0.025 0.08515625
0 0.4890625 0.50390625 0.02890625 0.08515625
0 0.02109375 0.55703125 0.0421875 0.17578125
0 0.16484375 0.53046875 0.1484375 0.29609375
0 0.09296875 0.5265625 0.1109375 0.16015625