0 0.73125 0.7359375 0.22578125 0.52265625
0 0.08125 0.75078125 0.1625 0.49296875
0 0.1234375 0.665625 0.24609375 0.38125
0 0.14375 0.609375 0.2203125 0.36015625
0 0.203125 0.6 0.1703125 0.21328125
0 0.2875 0.58125 0.14140625 0.17578125
0 0.31953125 0.565625 0.12578125 0.165625
0 0.328125 0.55234375 0.09765625 0.15703125
0 0.33984375 0.534375 0.1171875 0.14140625
0 0.36484375 0.528125 0.08203125 0.10703125
0 0.38984375 0.50390625 0.07109375 0.109375
1 0.465625 0.4984375 0.00625 0.053125
0 0.56875 0.56015625 0.05234375 0.13828125
0 0.63125 0.52109375 0.09453125 0.128125
0 0.578125 0.50390625 0.05703125 0.08515625
0 0.51875 0.50546875 0.0203125 0.05078125