0 0.8390625 0.74375 0.31953125 0.50703125
0 0.015625 0.5921875 0.03046875 0.1734375
0 0.7296875 0.5796875 0.1234375 0.36796875
0 0.47734375 0.49765625 0.03828125 0.1359375
0 0.74921875 0.45234375 0.171875 0.21328125
0 0.34296875 0.52421875 0.0515625 0.1015625
0 0.28125 0.50703125 0.0625 0.14140625
0 0.41875 0.4890625 0.02890625 0.0796875
0 0.596875 0.49609375 0.053125 0.0984375
0 0.5265625 0.44375 0.0265625 0.09296875
0 0.6359375 0.49609375 0.05546875 0.10703125
0 0.93984375 0.43046875 0.11953125 0.165625
0 0.49296875 0.4296875 0.0265625 0.13046875
0 0.228125 0.55234375 0.096875 0.075
0 0.17421875 0.53203125 0.07890625 0.10703125
0 0.08671875 0.53828125 0.071875 0.09609375
0 0.12578125 0.534375 0.059375 0.090625
0 0.09296875 0.49765625 0.03828125 0.0984375