0 0.91484375 0.675 0.16875 0.6453125
0 0.415625 0.5265625 0.05234375 0.1890625
0 0.7890625 0.475 0.2328125 0.2984375
0 0.22734375 0.56953125 0.0875 0.14921875
0 0.13828125 0.55078125 0.109375 0.20546875
0 0.3453125 0.51484375 0.04140625 0.10390625
0 0.575 0.51875 0.071875 0.13359375
0 0.44921875 0.48515625 0.02890625 0.08515625
0 0.48203125 0.4546875 0.0296875 0.109375
0 0.625 0.509375 0.075 0.13828125
0 0.9546875 0.45078125 0.0890625 0.2
0 0.44296875 0.43984375 0.03125 0.1546875
0 0.06796875 0.609375 0.1359375 0.12265625
0 0.025 0.58125 0.05 0.14375