0 0.834375 0.76171875 0.33046875 0.471875
0 0.61328125 0.58828125 0.09921875 0.2640625
0 0.19375 0.60234375 0.23359375 0.26640625
0 0.2515625 0.57578125 0.1734375 0.22421875
0 0.2609375 0.54375 0.134375 0.23203125
0 0.2875 0.5546875 0.11328125 0.146875
0 0.33828125 0.5359375 0.1015625 0.128125
0 0.35859375 0.534375 0.09375 0.125
0 0.359375 0.515625 0.075 0.12265625
0 0.36796875 0.51484375 0.09296875 0.11171875
0 0.39921875 0.48125 0.0609375 0.09296875
1 0.46640625 0.48515625 0.00546875 0.04765625
0 0.54921875 0.53046875 0.040625 0.10390625
0 0.5140625 0.48828125 0.01875 0.0453125