0 0.37421875 0.56328125 0.08828125 0.19765625
1 0.78671875 0.46640625 0.06171875 0.17265625
1 0.72265625 0.46640625 0.0484375 0.14609375
2 0.45 0.5109375 0.01953125 0.1484375
1 0.5921875 0.47734375 0.03203125 0.09765625
2 0.34140625 0.521875 0.01796875 0.1671875
1 0.6828125 0.47265625 0.02109375 0.10546875
2 0.20546875 0.54296875 0.0171875 0.1296875
2 0.2015625 0.54765625 0.01875 0.12421875
1 0.265625 0.54296875 0.05625 0.1671875
2 0.27421875 0.53359375 0.0171875 0.1296875
2 0.26953125 0.5390625 0.02109375 0.15703125
2 0.340625 0.51640625 0.01328125 0.159375
0 0.92578125 0.440625 0.1015625 0.09765625
0 0.83984375 0.4671875 0.0890625 0.08125