2 0.5703125 0.478125 0.01953125 0.15390625
2 0.23984375 0.52421875 0.0296875 0.32421875
2 0.934375 0.67265625 0.1296875 0.6484375
2 0.52421875 0.5578125 0.0375 0.33515625
2 0.5703125 0.53359375 0.03828125 0.3515625
2 0.4953125 0.50703125 0.0296875 0.26484375
2 0.47109375 0.5125 0.03046875 0.2703125
2 0.528125 0.50234375 0.02890625 0.240625
2 0.56484375 0.5078125 0.021875 0.22421875
2 0.38359375 0.5171875 0.02578125 0.27578125
2 0.40625 0.51875 0.02265625 0.2296875
2 0.428125 0.4984375 0.025 0.25703125
2 0.453125 0.52265625 0.01953125 0.21328125
2 0.42109375 0.5 0.0421875 0.2296875
0 0.11015625 0.49921875 0.2203125 0.9984375