0 0.47890625 0.53203125 0.04140625 0.10703125
0 0.18125 0.6375 0.15859375 0.26640625
0 0.3609375 0.64921875 0.1203125 0.275
0 0.40390625 0.58671875 0.07734375 0.19453125
0 0.32578125 0.53828125 0.10703125 0.14921875
0 0.87265625 0.79296875 0.253125 0.4078125
0 0.6734375 0.453125 0.2265625 0.7203125
2 0.8265625 0.68515625 0.07890625 0.49609375
0 0.5421875 0.5453125 0.04453125 0.11484375
0 0.525 0.52421875 0.03125 0.0796875
0 0.51640625 0.46953125 0.0375 0.16015625
0 0.2125 0.52109375 0.06484375 0.09296875
0 0.47109375 0.5171875 0.02734375 0.0828125
0 0.03515625 0.56640625 0.0703125 0.1671875