0 0.5078125 0.57578125 0.06953125 0.215625
0 0.79375 0.6296875 0.23515625 0.5890625
0 0.6515625 0.56015625 0.1328125 0.2078125
0 0.578125 0.5015625 0.06796875 0.09609375
0 0.5546875 0.49609375 0.04453125 0.06953125
0 0.54609375 0.490625 0.0421875 0.05625
0 0.07578125 0.60390625 0.1515625 0.2640625
0 0.18828125 0.565625 0.10625 0.16796875
0 0.2703125 0.54921875 0.0671875 0.10390625
0 0.359375 0.5109375 0.0390625 0.06640625
0 0.3765625 0.4984375 0.02890625 0.071875
0 0.40390625 0.49296875 0.02734375 0.05078125
0 0.43671875 0.48828125 0.02578125 0.03984375
0 0.9625 0.54921875 0.07421875 0.11484375
0 0.11328125 0.55078125 0.08203125 0.13359375