0 0.05234375 0.7296875 0.1046875 0.5359375
0 0.11640625 0.67578125 0.2328125 0.44296875
0 0.115625 0.6203125 0.23125 0.31171875
0 0.20546875 0.62421875 0.203125 0.24765625
0 0.23359375 0.5796875 0.1890625 0.2078125
0 0.29453125 0.5453125 0.128125 0.1703125
0 0.3140625 0.5265625 0.1265625 0.1890625
1 0.44140625 0.5171875 0.0109375 0.090625
0 0.82265625 0.76796875 0.34296875 0.45859375
0 0.83828125 0.62265625 0.265625 0.325
0 0.765625 0.6078125 0.18359375 0.2453125
0 0.709375 0.58671875 0.140625 0.1890625
0 0.684375 0.56015625 0.10546875 0.165625
0 0.65703125 0.55625 0.1234375 0.15234375
0 0.63359375 0.54765625 0.11328125 0.12265625
0 0.62421875 0.5296875 0.09375 0.1359375
0 0.37421875 0.51328125 0.08125 0.090625
0 0.3890625 0.51875 0.0703125 0.0828125
0 0.525 0.51484375 0.0296875 0.071875
0 0.5140625 0.5015625 0.01875 0.053125
0 0.49921875 0.471875 0.01171875 0.0453125