0 0.50546875 0.55859375 0.05390625 0.16796875
0 0.7328125 0.62421875 0.15703125 0.3203125
0 0.6328125 0.55859375 0.11328125 0.1734375
0 0.20546875 0.6171875 0.1578125 0.2640625
0 0.034375 0.6546875 0.06875 0.25625
0 0.12421875 0.5921875 0.1390625 0.2375
0 0.38828125 0.53203125 0.05546875 0.0984375
0 0.47265625 0.4921875 0.02578125 0.0640625
0 0.2796875 0.54375 0.07734375 0.12265625
0 0.37734375 0.52109375 0.05 0.075
0 0.54453125 0.48828125 0.0203125 0.0453125
0 0.1796875 0.54921875 0.0953125 0.1203125