0 0.50546875 0.55625 0.05078125 0.13828125
0 0.26875 0.6453125 0.175 0.34375
0 0.30546875 0.60234375 0.1390625 0.234375
0 0.39609375 0.5453125 0.09140625 0.125
0 0.41328125 0.5203125 0.059375 0.09296875
0 0.42578125 0.51875 0.05859375 0.08515625
0 0.4578125 0.47890625 0.046875 0.0796875
0 0.87734375 0.77734375 0.24296875 0.43984375
0 0.69921875 0.6203125 0.15390625 0.31171875
2 0.6109375 0.59453125 0.0328125 0.22421875
0 0.62421875 0.571875 0.075 0.16015625
0 0.5953125 0.54921875 0.05390625 0.1203125
0 0.58203125 0.52265625 0.04765625 0.1203125
2 0.553125 0.5078125 0.0109375 0.075
0 0.0953125 0.62265625 0.190625 0.25625
0 0.5046875 0.51484375 0.0296875 0.090625
0 0.0265625 0.54375 0.053125 0.18125
0 0.2171875 0.5703125 0.11484375 0.1734375
0 0.715625 0.49296875 0.09609375 0.12265625