0 0.946875 0.56640625 0.10546875 0.1375
0 0.89453125 0.56328125 0.1015625 0.1328125
0 0.82578125 0.5625 0.09453125 0.14296875
0 0.50625 0.5078125 0.028125 0.08125
1 0.42734375 0.55390625 0.0421875 0.21328125
1 0.46953125 0.53671875 0.05 0.2078125
1 0.4 0.50546875 0.0171875 0.1
2 0.15546875 0.46640625 0.01328125 0.12734375
2 0.11484375 0.5203125 0.0296875 0.2328125
2 0.2125 0.49453125 0.0171875 0.1515625
2 0.18046875 0.48671875 0.01953125 0.1515625
2 0.5234375 0.6078125 0.03828125 0.38671875
2 0.5578125 0.590625 0.04921875 0.36484375
2 0.61015625 0.60546875 0.0578125 0.42421875
2 0.8453125 0.70703125 0.09375 0.58125
2 0.85234375 0.6984375 0.1 0.59765625
2 0.8796875 0.6921875 0.0875 0.51640625
2 0.60390625 0.63515625 0.0484375 0.46484375