0 0.51171875 0.584375 0.07734375 0.24296875
0 0.88515625 0.62421875 0.228125 0.746875
0 0.68515625 0.57890625 0.15546875 0.26171875
0 0.58671875 0.5 0.071875 0.10390625
0 0.5609375 0.4921875 0.04765625 0.075
0 0.54921875 0.48515625 0.04453125 0.05859375
0 0.04375 0.61328125 0.08671875 0.27734375
0 0.146875 0.56953125 0.13046875 0.19453125
0 0.2484375 0.55078125 0.07734375 0.11484375
0 0.35078125 0.50703125 0.0421875 0.071875
0 0.37109375 0.49453125 0.03046875 0.07734375
0 0.40078125 0.48828125 0.028125 0.053125
0 0.43515625 0.4828125 0.02734375 0.03984375
0 0.05859375 0.56015625 0.1015625 0.1546875