0 0.56953125 0.55625 0.0609375 0.1546875
0 0.12421875 0.7890625 0.24765625 0.415625
0 0.8296875 0.54140625 0.228125 0.215625
0 0.76875 0.49765625 0.17265625 0.22421875
0 0.32109375 0.59765625 0.0546875 0.09296875
0 0.35078125 0.55859375 0.05703125 0.13359375
0 0.24296875 0.634375 0.11953125 0.22421875
0 0.69140625 0.50234375 0.12109375 0.14140625
0 0.3921875 0.53046875 0.03671875 0.08515625
0 0.92890625 0.4546875 0.11015625 0.1171875
0 0.8875 0.44921875 0.1046875 0.09609375
0 0.98046875 0.43359375 0.0375 0.1734375