0 0.50625 0.55859375 0.05078125 0.13828125
0 0.29921875 0.61875 0.153125 0.28828125
0 0.32421875 0.58671875 0.12578125 0.2078125
0 0.40234375 0.5375 0.0859375 0.11484375
0 0.42890625 0.509375 0.05625 0.0796875
0 0.459375 0.4703125 0.04609375 0.07734375
0 0.85234375 0.76640625 0.29375 0.46171875
0 0.6734375 0.590625 0.12734375 0.26953125
2 0.6 0.5828125 0.02734375 0.2
0 0.6140625 0.56015625 0.0671875 0.14375
0 0.5890625 0.54140625 0.04921875 0.109375
0 0.57734375 0.5203125 0.04453125 0.11171875
2 0.5515625 0.50703125 0.01015625 0.071875
0 0.134375 0.6 0.18125 0.21875
0 0.5046875 0.515625 0.0296875 0.090625
0 0.04453125 0.54921875 0.0890625 0.17890625
0 0.24140625 0.56015625 0.10234375 0.15703125
0 0.7078125 0.49453125 0.09140625 0.1171875