0 0.24140625 0.65078125 0.13828125 0.25859375
0 0.3125 0.59453125 0.08515625 0.165625
0 0.35078125 0.56796875 0.05625 0.128125
0 0.378125 0.546875 0.046875 0.0984375
0 0.7 0.4703125 0.103125 0.128125
0 0.68046875 0.46640625 0.06953125 0.12265625
0 0.6609375 0.46796875 0.07421875 0.109375
0 0.9765625 0.40234375 0.0453125 0.12265625
0 0.9546875 0.4015625 0.0890625 0.12265625
0 0.9390625 0.4078125 0.1203125 0.10390625
0 0.90859375 0.4171875 0.109375 0.09609375
0 0.40546875 0.53359375 0.0359375 0.0796875
0 0.55546875 0.5109375 0.03671875 0.09609375