0 0.50234375 0.54140625 0.05390625 0.16796875
0 0.90078125 0.73359375 0.196875 0.528125
0 0.78359375 0.615625 0.18828125 0.4
0 0.64765625 0.51875 0.13984375 0.253125
0 0.59765625 0.51875 0.090625 0.13359375
0 0.559375 0.48671875 0.0546875 0.075
0 0.546875 0.48125 0.0375 0.05859375
0 0.20703125 0.54296875 0.10234375 0.16015625
0 0.35703125 0.47578125 0.071875 0.2
0 0.271875 0.5296875 0.06640625 0.1171875
0 0.31796875 0.52265625 0.046875 0.07734375
0 0.37734375 0.4921875 0.03203125 0.05625
0 0.20703125 0.5265625 0.053125 0.0984375