0 0.5046875 0.553125 0.05234375 0.14140625
0 0.8796875 0.5984375 0.23828125 0.79765625
0 0.1015625 0.709375 0.203125 0.578125
0 0.209375 0.665625 0.20859375 0.36015625
0 0.28359375 0.62109375 0.1796875 0.26171875
0 0.371875 0.55234375 0.09765625 0.1625
0 0.42265625 0.509375 0.06484375 0.08515625
0 0.65703125 0.60703125 0.11015625 0.215625
0 0.6046875 0.53984375 0.06875 0.1625
2 0.565625 0.53828125 0.0171875 0.1359375
0 0.49921875 0.515625 0.03046875 0.09296875
0 0.15625 0.515625 0.09921875 0.125
0 0.67421875 0.48125 0.07578125 0.0984375