0 0.4953125 0.546875 0.0453125 0.12265625
0 0.10703125 0.68828125 0.2140625 0.61875
0 0.28671875 0.60234375 0.14140625 0.23203125
0 0.33828125 0.56171875 0.121875 0.22421875
0 0.3796875 0.5546875 0.09453125 0.125
0 0.3875 0.54140625 0.08359375 0.11171875
0 0.40625 0.52421875 0.059375 0.0796875
0 0.421875 0.51328125 0.05234375 0.071875
0 0.59921875 0.53203125 0.09375 0.26171875
0 0.53828125 0.51484375 0.02421875 0.0640625
0 0.48828125 0.51875 0.02890625 0.08515625
0 0.27578125 0.509375 0.078125 0.184375
0 0.2109375 0.528125 0.0671875 0.11484375