0 0.946875 0.56875 0.1046875 0.1375
0 0.89453125 0.5625 0.10234375 0.1328125
0 0.82578125 0.5625 0.09453125 0.14296875
0 0.50625 0.50703125 0.028125 0.08125
2 0.84140625 0.671875 0.08359375 0.52421875
2 0.16171875 0.47265625 0.01328125 0.12734375
2 0.2296875 0.47421875 0.0140625 0.1109375
2 0.25625 0.54296875 0.0234375 0.2296875
2 0.2890625 0.5375 0.021875 0.221875
2 0.31171875 0.54453125 0.04921875 0.2375
2 0.3953125 0.571875 0.0375 0.30546875
2 0.43125 0.56640625 0.03515625 0.2703125
2 0.27890625 0.56875 0.0328125 0.28125
2 0.315625 0.56640625 0.03046875 0.27265625
2 0.34140625 0.56328125 0.0296875 0.240625
2 0.271875 0.5484375 0.04609375 0.24296875