0 0.89453125 0.76171875 0.209375 0.471875
0 0.83515625 0.66640625 0.21796875 0.584375
0 0.4578125 0.5109375 0.04296875 0.1546875
0 0.76875 0.4625 0.1953125 0.2453125
0 0.30546875 0.54296875 0.0625 0.1171875
0 0.23359375 0.52421875 0.078125 0.1625
0 0.39375 0.5 0.0328125 0.08828125
0 0.5921875 0.5109375 0.06015625 0.11171875
0 0.48203125 0.475 0.02734375 0.07734375
0 0.5125 0.44765625 0.028125 0.1015625
0 0.6359375 0.50546875 0.0625 0.1171875
0 0.94921875 0.44296875 0.10078125 0.184375
0 0.47734375 0.434375 0.02890625 0.14140625
0 0.16640625 0.575 0.1234375 0.090625
0 0.1109375 0.55703125 0.1 0.125
0 0.02734375 0.5703125 0.0546875 0.11171875
0 0.053125 0.56015625 0.07578125 0.10703125
0 0.0296875 0.51328125 0.046875 0.109375