0 0.8796875 0.7359375 0.23828125 0.52265625
0 0.09296875 0.765625 0.18515625 0.4640625
0 0.3109375 0.58671875 0.08984375 0.18125
0 0.35390625 0.56015625 0.06171875 0.128125
0 0.37890625 0.54140625 0.04375 0.10390625
0 0.3984375 0.5296875 0.0375 0.08515625
0 0.6734375 0.46640625 0.0859375 0.109375
0 0.640625 0.4640625 0.0640625 0.09609375
0 0.9453125 0.409375 0.10703125 0.10703125
0 0.9109375 0.41328125 0.10546875 0.10703125
0 0.8859375 0.41875 0.10234375 0.090625
0 0.86171875 0.4203125 0.09453125 0.08515625
0 0.41953125 0.5171875 0.03125 0.06953125
0 0.5515625 0.4984375 0.03125 0.0828125