2 0.53359375 0.4703125 0.01640625 0.15390625
2 0.21484375 0.5375 0.02734375 0.32421875
2 0.90859375 0.67578125 0.18125 0.64296875
2 0.57265625 0.471875 0.03203125 0.19453125
2 0.5921875 0.671875 0.1453125 0.6515625
2 0.59609375 0.72265625 0.1140625 0.5484375
2 0.61875 0.68515625 0.05390625 0.62421875
2 0.6796875 0.7421875 0.06953125 0.5109375
2 0.7 0.69765625 0.05078125 0.6
2 0.790625 0.71484375 0.07265625 0.56484375
2 0.303125 0.721875 0.07890625 0.5515625
2 0.46484375 0.578125 0.046875 0.3703125
2 0.55 0.57734375 0.03828125 0.34296875
2 0.57734375 0.559375 0.06796875 0.3671875
2 0.634375 0.54453125 0.059375 0.34609375
0 0.109375 0.49921875 0.21875 0.9984375