0 0.52734375 0.6546875 0.12265625 0.384375
0 0.88203125 0.72109375 0.234375 0.55234375
0 0.61484375 0.51875 0.09296875 0.1359375
0 0.5765625 0.50546875 0.05546875 0.090625
0 0.56015625 0.49609375 0.0515625 0.06953125
0 0.03125 0.6375 0.0625 0.275
0 0.484375 0.4796875 0.0171875 0.0375
0 0.15234375 0.59765625 0.12734375 0.1703125
0 0.3234375 0.525 0.05390625 0.08828125
0 0.35 0.5078125 0.0375 0.090625
0 0.3890625 0.4984375 0.0328125 0.06171875
0 0.43046875 0.490625 0.03046875 0.0453125
0 0.2359375 0.52109375 0.05859375 0.090625
0 0.225 0.50703125 0.06171875 0.06640625