0 0.51796875 0.5921875 0.0671875 0.2109375
0 0.64609375 0.55703125 0.1125 0.18125
0 0.590625 0.534375 0.06484375 0.109375
0 0.56875 0.525 0.0578125 0.0796875
0 0.06171875 0.671875 0.1234375 0.25078125
0 0.38203125 0.54375 0.046875 0.09609375
0 0.44375 0.5171875 0.02734375 0.0640625
0 0.475 0.50546875 0.01953125 0.04765625
0 0.29140625 0.5625 0.0671875 0.109375
0 0.328125 0.5375 0.04609375 0.10390625
0 0.37421875 0.52421875 0.0359375 0.06953125
0 0.42265625 0.5171875 0.03359375 0.05078125
0 0.1875 0.5546875 0.071875 0.109375
0 0.17890625 0.5359375 0.075 0.0796875