0 0.49609375 0.52265625 0.03515625 0.11171875
0 0.82734375 0.71484375 0.24453125 0.565625
0 0.72421875 0.6296875 0.1921875 0.33359375
0 0.66875 0.571875 0.15 0.25625
0 0.64140625 0.55703125 0.109375 0.17890625
0 0.6171875 0.5359375 0.10546875 0.14140625
0 0.42890625 0.49609375 0.01796875 0.03984375
0 0.38203125 0.5296875 0.03671875 0.0828125
0 0.575 0.5078125 0.07265625 0.09609375
0 0.55390625 0.5 0.0578125 0.071875
0 0.53828125 0.484375 0.046875 0.071875
0 0.3828125 0.4984375 0.02578125 0.05625
0 0.3609375 0.49296875 0.0171875 0.04296875