0 0.04609375 0.79765625 0.09140625 0.4
0 0.94375 0.59609375 0.11015625 0.3921875
0 0.2171875 0.66640625 0.1703125 0.27734375
0 0.8171875 0.74296875 0.321875 0.509375
0 0.65390625 0.61875 0.12734375 0.29296875
0 0.309375 0.59765625 0.08203125 0.17890625
0 0.584375 0.55234375 0.06171875 0.13828125
0 0.3734375 0.553125 0.05625 0.11484375
0 0.56171875 0.53984375 0.04921875 0.109375
0 0.41328125 0.5203125 0.028125 0.075
0 0.5421875 0.51875 0.03359375 0.08515625
0 0.46171875 0.4890625 0.0359375 0.0453125