2 0.25859375 0.4890625 0.01640625 0.1203125
0 0.25234375 0.47578125 0.053125 0.13359375
0 0.29140625 0.48671875 0.05234375 0.0984375
0 0.34140625 0.48125 0.06015625 0.0828125
0 0.4765625 0.465625 0.05625 0.1015625
0 0.4984375 0.4703125 0.0421875 0.06640625
0 0.53359375 0.465625 0.04453125 0.071875
0 0.56015625 0.471875 0.0484375 0.05625
0 0.584375 0.471875 0.03515625 0.05625
0 0.603125 0.471875 0.040625 0.053125
0 0.62421875 0.46953125 0.046875 0.053125
0 0.65859375 0.45234375 0.0484375 0.075
0 0.6765625 0.4625 0.04296875 0.05078125
0 0.69140625 0.45859375 0.03671875 0.0453125