0 0.46484375 0.53359375 0.040625 0.10390625
0 0.18046875 0.77734375 0.3609375 0.4421875
0 0.34375 0.6546875 0.14296875 0.33046875
0 0.26015625 0.58125 0.140625 0.2109375
0 0.4171875 0.53359375 0.01953125 0.0796875
0 0.3375 0.53984375 0.0890625 0.10703125
0 0.359375 0.5265625 0.06953125 0.10390625
0 0.3859375 0.51875 0.06171875 0.07734375
0 0.40859375 0.4921875 0.05 0.0796875
0 0.77890625 0.49921875 0.3703125 0.9984375
0 0.55625 0.5546875 0.05859375 0.15234375
0 0.5296875 0.5265625 0.0390625 0.0984375
0 0.515625 0.453125 0.04609375 0.1890625
0 0.14453125 0.54375 0.09140625 0.1171875
0 0.46484375 0.51171875 0.02734375 0.0796875