2 0.37109375 0.48125 0.01171875 0.1015625
0 0.353125 0.46796875 0.04609375 0.11484375
0 0.38515625 0.47890625 0.0453125 0.08515625
0 0.42890625 0.4734375 0.053125 0.075
0 0.54921875 0.45625 0.05234375 0.09296875
0 0.5703125 0.4625 0.03828125 0.0640625
0 0.60390625 0.45859375 0.04296875 0.06640625
0 0.6296875 0.465625 0.0484375 0.053125
0 0.653125 0.465625 0.03515625 0.053125
0 0.6734375 0.46796875 0.0390625 0.05078125
0 0.69375 0.46171875 0.046875 0.053125
0 0.73046875 0.446875 0.04921875 0.075
0 0.7484375 0.45625 0.04375 0.05078125
0 0.76640625 0.45625 0.03828125 0.0453125