2 0.53359375 0.4703125 0.01796875 0.15390625
2 0.221875 0.53671875 0.03203125 0.32421875
2 0.87265625 0.69296875 0.10078125 0.6078125
2 0.7671875 0.68359375 0.0921875 0.62734375
2 0.62578125 0.49296875 0.03125 0.2
2 0.509375 0.67421875 0.0765625 0.64609375
2 0.5203125 0.7203125 0.05390625 0.54296875
2 0.5765625 0.67421875 0.05234375 0.59765625
2 0.61328125 0.709375 0.04921875 0.478125
2 0.646875 0.65703125 0.05390625 0.5078125
2 0.709375 0.68671875 0.05390625 0.5
2 0.25390625 0.69609375 0.0640625 0.49765625
2 0.44921875 0.54453125 0.0390625 0.32734375
2 0.515625 0.55234375 0.0484375 0.30234375
2 0.546875 0.5375 0.0515625 0.32734375
2 0.60234375 0.53125 0.05078125 0.3078125
0 0.109375 0.49921875 0.21875 0.9984375