0 0.15234375 0.7703125 0.3046875 0.453125
0 0.82421875 0.7453125 0.34921875 0.50390625
0 0.653125 0.64765625 0.1609375 0.31484375
0 0.30703125 0.67734375 0.1484375 0.29609375
0 0.36015625 0.59453125 0.0734375 0.184375
0 0.39296875 0.571875 0.0578125 0.1359375
0 0.5984375 0.575 0.0859375 0.1890625
0 0.57421875 0.546875 0.0546875 0.13828125
0 0.74296875 0.490625 0.090625 0.13828125
0 0.528125 0.51328125 0.03046875 0.06953125
0 0.4921875 0.509375 0.02421875 0.04765625
0 0.4671875 0.5015625 0.0296875 0.04296875
1 0.4328125 0.5015625 0.0125 0.04765625