2 0.66015625 0.6875 0.04921875 0.46796875
2 0.27265625 0.678125 0.05078125 0.44375
2 0.1796875 0.66953125 0.0578125 0.4171875
2 0.89140625 0.67265625 0.0734375 0.5078125
2 0.82421875 0.68984375 0.065625 0.5
2 0.53203125 0.5640625 0.0234375 0.2140625
2 0.6484375 0.68046875 0.053125 0.38515625
2 0.5984375 0.65234375 0.03515625 0.33125
2 0.5796875 0.63125 0.03046875 0.2890625
2 0.64765625 0.6 0.04921875 0.28046875
2 0.60625 0.63203125 0.03125 0.28359375
2 0.65703125 0.54921875 0.0390625 0.22734375
0 0.459375 0.5375 0.04296875 0.109375