0 0.54609375 0.52109375 0.034375 0.0875
0 0.5109375 0.49296875 0.01796875 0.0453125
0 0.321875 0.59140625 0.1046875 0.22578125
0 0.1703125 0.590625 0.1390625 0.2078125
0 0.27734375 0.52890625 0.06796875 0.159375
0 0.40078125 0.53203125 0.04609375 0.10078125
0 0.334375 0.51484375 0.059375 0.12265625
0 0.4296875 0.51484375 0.0296875 0.071875
0 0.49296875 0.5109375 0.028125 0.0875
0 0.37421875 0.51171875 0.0359375 0.07421875
0 0.44453125 0.49765625 0.01640625 0.04765625
0 0.38359375 0.49765625 0.03046875 0.0796875