0 0.496875 0.525 0.034375 0.109375
0 0.05625 0.6296875 0.11171875 0.26640625
0 0.80234375 0.665625 0.20546875 0.44296875
0 0.72578125 0.60390625 0.16953125 0.28515625
0 0.65 0.5734375 0.13203125 0.20546875
0 0.61640625 0.546875 0.1078125 0.18125
0 0.6046875 0.5359375 0.09921875 0.13828125
0 0.58828125 0.52265625 0.08671875 0.13046875
0 0.42890625 0.50234375 0.01875 0.0453125
0 0.540625 0.49296875 0.04453125 0.05625
0 0.53203125 0.484375 0.03828125 0.05859375
0 0.403125 0.49453125 0.0203125 0.04765625