0 0.26328125 0.63046875 0.12265625 0.234375
0 0.32578125 0.5828125 0.07734375 0.1546875
0 0.35859375 0.56015625 0.05234375 0.1203125
0 0.38359375 0.54140625 0.04453125 0.09609375
0 0.6921875 0.46953125 0.0984375 0.12265625
0 0.6546875 0.46953125 0.071875 0.10703125
0 0.96796875 0.40390625 0.0625 0.1171875
0 0.946875 0.41484375 0.10390625 0.1171875
0 0.925 0.42109375 0.115625 0.0984375
0 0.8953125 0.41875 0.10546875 0.09296875
0 0.409375 0.5265625 0.034375 0.07734375
0 0.5546875 0.50703125 0.03515625 0.090625