0 0.196875 0.75625 0.26328125 0.4828125
0 0.771875 0.734375 0.30625 0.525
0 0.628125 0.60234375 0.13359375 0.26953125
0 0.32578125 0.6265625 0.125 0.24765625
0 0.3671875 0.56953125 0.06640625 0.165625
0 0.39765625 0.54140625 0.05390625 0.125
0 0.58671875 0.54765625 0.0765625 0.1703125
0 0.56640625 0.5203125 0.05078125 0.128125
0 0.72734375 0.46171875 0.08515625 0.13046875
0 0.525 0.4921875 0.02890625 0.06640625
0 0.4890625 0.48671875 0.0234375 0.0453125
0 0.465625 0.4796875 0.02890625 0.03984375
1 0.4359375 0.48125 0.01171875 0.0453125