0 0.50625 0.54765625 0.05078125 0.1359375
0 0.228125 0.68671875 0.203125 0.4296875
0 0.28359375 0.609375 0.153125 0.26953125
0 0.38828125 0.53984375 0.0984375 0.13359375
0 0.409375 0.51171875 0.06171875 0.0984375
0 0.421875 0.5078125 0.06171875 0.08828125
0 0.45625 0.465625 0.0484375 0.0828125
0 0.73359375 0.6359375 0.190625 0.3703125
2 0.62734375 0.5984375 0.03125 0.25078125
0 0.63671875 0.56953125 0.084375 0.1734375
0 0.60234375 0.54296875 0.05859375 0.125
0 0.58671875 0.51328125 0.0515625 0.128125
2 0.55703125 0.49765625 0.0109375 0.07734375
0 0.075 0.63828125 0.15 0.29296875
0 0.5046875 0.5 0.0296875 0.090625
0 0.1859375 0.58125 0.1328125 0.19453125
0 0.72421875 0.484375 0.1 0.128125