0 0.65390625 0.6265625 0.1578125 0.3890625
0 0.03828125 0.75078125 0.0765625 0.49296875
0 0.11171875 0.70546875 0.22265625 0.415625
0 0.134375 0.64765625 0.265625 0.30390625
0 0.196875 0.6015625 0.190625 0.24296875
0 0.275 0.5453125 0.17265625 0.2296875
0 0.24765625 0.5828125 0.15234375 0.2265625
0 0.596875 0.5796875 0.0859375 0.1921875
0 0.29296875 0.5359375 0.12109375 0.19453125
0 0.3296875 0.53046875 0.11328125 0.14375
0 0.53671875 0.5171875 0.03359375 0.08828125
0 0.56875 0.54765625 0.0578125 0.14921875