0 0.50625 0.54140625 0.05078125 0.1359375
0 0.11015625 0.7375 0.2203125 0.5203125
0 0.215625 0.671875 0.18515625 0.3890625
0 0.36953125 0.5546875 0.11484375 0.16015625
0 0.3984375 0.52265625 0.0703125 0.11171875
0 0.4125 0.51875 0.06875 0.0984375
0 0.4515625 0.4625 0.0515625 0.08828125
0 0.8421875 0.725 0.3140625 0.54375
2 0.67265625 0.6453125 0.04765625 0.3359375
0 0.6703125 0.60390625 0.1125 0.22109375
0 0.6203125 0.5640625 0.07265625 0.15234375
0 0.59765625 0.52421875 0.06015625 0.14375
2 0.5609375 0.50234375 0.00859375 0.08515625
0 0.20859375 0.56953125 0.13515625 0.18671875
0 0.2828125 0.5375 0.08359375 0.1359375
0 0.50390625 0.49765625 0.02890625 0.08828125
0 0.0953125 0.61328125 0.1890625 0.25859375
0 0.74296875 0.48828125 0.11015625 0.13828125
0 0.128125 0.534375 0.09609375 0.14375