2 0.6625 0.68984375 0.06640625 0.57734375
2 0.8125 0.56015625 0.04921875 0.48359375
2 0.91796875 0.5765625 0.0375 0.45703125
2 0.1953125 0.80234375 0.10625 0.390625
2 0.23828125 0.80078125 0.0796875 0.39296875
2 0.32578125 0.64609375 0.06015625 0.21953125
2 0.25390625 0.78359375 0.084375 0.36640625
2 0.415625 0.5453125 0.01796875 0.203125
2 0.39609375 0.546875 0.01953125 0.18984375
2 0.4671875 0.53203125 0.01875 0.18203125
2 0.4875 0.50546875 0.01484375 0.13671875
2 0.503125 0.5296875 0.015625 0.1734375
2 0.56015625 0.5015625 0.015625 0.15546875
0 0.43828125 0.48515625 0.02421875 0.06171875
2 0.4 0.528125 0.03203125 0.1734375
2 0.51953125 0.52109375 0.01484375 0.1578125