2 0.96328125 0.6578125 0.071875 0.67890625
2 0.6171875 0.67265625 0.06015625 0.5109375
1 0.1203125 0.6921875 0.23984375 0.609375
2 0.7921875 0.55234375 0.05 0.44140625
2 0.85234375 0.56015625 0.040625 0.390625
2 0.23203125 0.79375 0.08671875 0.40625
2 0.2671875 0.77265625 0.0671875 0.35546875
2 0.33515625 0.63125 0.05390625 0.19765625
2 0.27890625 0.74765625 0.07109375 0.315625
2 0.41171875 0.53984375 0.01484375 0.184375
2 0.39375 0.55078125 0.0171875 0.1734375
2 0.4625 0.5375 0.01875 0.1765625
2 0.48046875 0.51171875 0.01640625 0.13359375
2 0.49453125 0.5359375 0.015625 0.17109375
0 0.4328125 0.49453125 0.0234375 0.06171875
2 0.40859375 0.534375 0.01796875 0.16875