0 0.49765625 0.5265625 0.04140625 0.128125
0 0.23359375 0.61171875 0.11953125 0.2
0 0.7546875 0.6265625 0.20390625 0.36015625
0 0.6375 0.553125 0.1265625 0.184375
0 0.61953125 0.5375 0.10078125 0.15234375
0 0.6078125 0.515625 0.084375 0.13828125
0 0.57109375 0.490625 0.07734375 0.125
0 0.55546875 0.5 0.059375 0.0796875
0 0.53828125 0.48515625 0.04140625 0.05625
0 0.31953125 0.51484375 0.0484375 0.09296875
0 0.4328125 0.46796875 0.02890625 0.08515625
0 0.34609375 0.509375 0.03671875 0.07734375
0 0.3671875 0.50546875 0.02890625 0.053125
0 0.40078125 0.4921875 0.0234375 0.04296875
0 0.29609375 0.50703125 0.0296875 0.06640625
0 0.0828125 0.5171875 0.03359375 0.075