0 0.61015625 0.6078125 0.09140625 0.2125
0 0.08828125 0.634375 0.1765625 0.30859375
0 0.2796875 0.6609375 0.1609375 0.31953125
0 0.3828125 0.55546875 0.0625 0.1515625
0 0.54765625 0.534375 0.04375 0.10625
0 0.409375 0.53828125 0.04375 0.10390625
0 0.33125 0.534375 0.0484375 0.09296875
0 0.36875 0.52265625 0.03359375 0.071875
0 0.4359375 0.51171875 0.02109375 0.053125
0 0.48203125 0.5078125 0.0203125 0.0609375
0 0.5140625 0.50703125 0.01796875 0.05078125
0 0.5046875 0.50234375 0.015625 0.0453125
0 0.2140625 0.4796875 0.05703125 0.10078125