0 0.4875 0.5296875 0.04609375 0.12265625
0 0.09296875 0.67890625 0.1859375 0.6375
0 0.27578125 0.60546875 0.16640625 0.26171875
0 0.30703125 0.56640625 0.1390625 0.20546875
0 0.3625 0.5296875 0.08671875 0.12265625
0 0.39296875 0.51171875 0.07265625 0.10390625
0 0.77890625 0.6109375 0.33515625 0.7734375
0 0.63984375 0.58671875 0.10703125 0.215625
0 0.553125 0.51484375 0.03671875 0.08828125
0 0.528125 0.4703125 0.0265625 0.09296875
0 0.48828125 0.5 0.02890625 0.08828125
0 0.09375 0.53359375 0.1875 0.384375
0 0.2390625 0.5 0.05625 0.0796875