2 0.5078125 0.5765625 0.03203125 0.29140625
2 0.565625 0.55234375 0.03828125 0.296875
2 0.234375 0.5640625 0.03046875 0.24296875
2 0.53671875 0.565625 0.02890625 0.25703125
2 0.75546875 0.64296875 0.09296875 0.54296875
2 0.96796875 0.590625 0.06015625 0.4703125
2 0.1203125 0.72734375 0.07109375 0.53984375
0 0.06875 0.8359375 0.1375 0.3234375
2 0.0921875 0.71953125 0.07109375 0.55625
2 0.6546875 0.5453125 0.040625 0.3078125
2 0.87265625 0.64609375 0.07265625 0.48125
0 0.4125 0.534375 0.08203125 0.21953125
0 0.34140625 0.51328125 0.08125 0.21640625
0 0.37421875 0.5 0.05 0.16015625