0 0.99609375 0.76015625 0.00625 0.475
0 0.66328125 0.66953125 0.1734375 0.3625
1 0.2875 0.63984375 0.0578125 0.33359375
0 0.2359375 0.66640625 0.13125 0.2640625
0 0.55703125 0.5796875 0.090625 0.22421875
0 0.2828125 0.6015625 0.09296875 0.1921875
0 0.4859375 0.54296875 0.0453125 0.109375
0 0.3453125 0.546875 0.03515625 0.08828125
0 0.459375 0.5296875 0.02890625 0.07734375
2 0.33203125 0.515625 0.009375 0.0828125
2 0.32421875 0.5296875 0.00859375 0.0828125
1 0.3390625 0.6203125 0.04453125 0.2640625