0 0.49609375 0.5265625 0.03828125 0.1203125
0 0.925 0.74765625 0.14921875 0.4984375
0 0.35 0.54375 0.05 0.0984375
0 0.65546875 0.55625 0.13671875 0.20546875
0 0.59609375 0.534375 0.096875 0.13359375
0 0.58046875 0.5078125 0.06875 0.109375
0 0.55703125 0.4921875 0.06640625 0.10390625
0 0.5453125 0.4984375 0.05234375 0.06953125
0 0.340625 0.5109375 0.0390625 0.0796875
0 0.4453125 0.46796875 0.02421875 0.071875
0 0.3609375 0.5015625 0.03125 0.06640625
0 0.40625 0.49453125 0.0203125 0.03984375
0 0.31640625 0.50390625 0.025 0.05859375
0 0.1328125 0.5109375 0.03203125 0.06640625