0 0.48828125 0.53984375 0.04609375 0.12265625
0 0.13046875 0.69453125 0.2609375 0.60546875
0 0.3 0.6 0.15 0.2265625
0 0.32421875 0.571875 0.12734375 0.184375
0 0.3703125 0.5296875 0.08203125 0.11484375
0 0.3984375 0.515625 0.06875 0.0984375
0 0.72109375 0.59765625 0.2515625 0.6109375
0 0.62421875 0.5890625 0.09375 0.19453125
0 0.55 0.528125 0.034375 0.08515625
0 0.52734375 0.4828125 0.02578125 0.08828125
0 0.4890625 0.51171875 0.02890625 0.08828125
0 0.12734375 0.5375 0.17734375 0.3359375
0 0.06171875 0.5375 0.1234375 0.178125
0 0.25078125 0.509375 0.05234375 0.075