0 0.4984375 0.5265625 0.0484375 0.13046875
0 0.2296875 0.6703125 0.2265625 0.3703125
0 0.33125 0.55078125 0.10625 0.184375
0 0.3625 0.5359375 0.1 0.15234375
0 0.39609375 0.50546875 0.07890625 0.1015625
0 0.43125 0.46640625 0.0625 0.109375
0 0.8859375 0.75625 0.2265625 0.4828125
0 0.73984375 0.66171875 0.18671875 0.33046875
0 0.65390625 0.5546875 0.11015625 0.24765625
2 0.5703125 0.50546875 0.015625 0.11484375
0 0.69453125 0.50703125 0.10078125 0.128125
0 0.096875 0.59765625 0.19296875 0.25859375
0 0.4953125 0.490625 0.028125 0.08515625
0 0.19453125 0.5546875 0.11015625 0.1890625
0 0.2578125 0.5359375 0.08359375 0.14375
0 0.81484375 0.47890625 0.153125 0.1890625