0 0.53828125 0.72265625 0.15859375 0.49609375
0 0.96796875 0.7359375 0.06171875 0.52265625
0 0.62890625 0.5296875 0.09921875 0.15234375
0 0.584375 0.5109375 0.059375 0.09609375
0 0.56484375 0.50390625 0.05390625 0.071875
0 0.40625 0.5171875 0.03359375 0.071875
0 0.10859375 0.6171875 0.153125 0.19765625
0 0.46875 0.4890625 0.02265625 0.0453125
0 0.31328125 0.53359375 0.05859375 0.09609375
0 0.34375 0.51484375 0.040625 0.09609375
0 0.3859375 0.50390625 0.03515625 0.0640625
0 0.43046875 0.49609375 0.03203125 0.0453125
0 0.21953125 0.5296875 0.0625 0.09609375
0 0.2109375 0.515625 0.06640625 0.071875