0 0.50078125 0.51875 0.04921875 0.13046875
0 0.26875 0.6171875 0.1953125 0.30390625
0 0.346875 0.5296875 0.09765625 0.165625
0 0.3734375 0.515625 0.09375 0.13828125
0 0.40234375 0.49296875 0.07421875 0.09609375
0 0.43671875 0.44921875 0.0609375 0.10703125
0 0.86015625 0.74765625 0.278125 0.4984375
0 0.7046875 0.61484375 0.15 0.271875
0 0.63984375 0.5296875 0.096875 0.22109375
2 0.56875 0.4921875 0.015625 0.10703125
0 0.68515625 0.490625 0.0953125 0.1203125
0 0.05078125 0.6296875 0.1015625 0.321875
0 0.1453125 0.5640625 0.1625 0.22421875
0 0.496875 0.47890625 0.02890625 0.08828125
0 0.22421875 0.5265625 0.0953125 0.1703125
0 0.27421875 0.50546875 0.078125 0.13359375
0 0.80078125 0.465625 0.14375 0.17890625