0 0.49453125 0.5265625 0.03671875 0.11484375
0 0.9171875 0.70234375 0.16328125 0.5890625
0 0.80703125 0.684375 0.2109375 0.434375
0 0.7140625 0.609375 0.175 0.275
0 0.39765625 0.509375 0.0296875 0.06171875
0 0.221875 0.62109375 0.1265625 0.22421875
0 0.6046875 0.52421875 0.09921875 0.13828125
0 0.5703125 0.5109375 0.07421875 0.0984375
0 0.54453125 0.4890625 0.05625 0.08515625
0 0.359375 0.49609375 0.03203125 0.06640625
0 0.37421875 0.49453125 0.0265625 0.05859375
0 0.41171875 0.48828125 0.01875 0.0375
0 0.3359375 0.4921875 0.02109375 0.05078125