0 0.31953125 0.63359375 0.14609375 0.30234375
1 0.97109375 0.4625 0.05546875 0.24609375
1 0.89375 0.459375 0.06875 0.1890625
2 0.4828125 0.5203125 0.028125 0.19765625
1 0.690625 0.4671875 0.0375 0.11328125
2 0.3375 0.53359375 0.0234375 0.22421875
1 0.72421875 0.46875 0.0234375 0.1296875
2 0.16484375 0.5625 0.0296875 0.16484375
2 0.1484375 0.5703125 0.025 0.159375
1 0.26796875 0.5578125 0.06953125 0.2078125
2 0.18125 0.5625 0.025 0.1671875
2 0.153125 0.5703125 0.03359375 0.2078125
2 0.25859375 0.54453125 0.01875 0.20546875
0 0.97421875 0.4203125 0.05 0.11328125
0 0.9125 0.4515625 0.1109375 0.09765625