0 0.69140625 0.69453125 0.1765625 0.3703125
0 0.0859375 0.7359375 0.171875 0.48515625
0 0.11953125 0.65078125 0.23828125 0.40234375
0 0.2203125 0.59296875 0.16953125 0.2453125
0 0.7171875 0.59609375 0.1609375 0.16796875
0 0.6828125 0.55859375 0.11953125 0.1734375
0 0.625 0.52265625 0.10390625 0.13359375
0 0.3296875 0.55859375 0.0671875 0.10703125
0 0.31640625 0.4984375 0.115625 0.19453125
0 0.53046875 0.4828125 0.0390625 0.13359375
0 0.36640625 0.5078125 0.0828125 0.090625
0 0.38984375 0.5015625 0.07109375 0.09609375
0 0.51484375 0.46796875 0.025 0.0984375
0 0.43125 0.46640625 0.046875 0.075