0 0.496875 0.52109375 0.03515625 0.109375
0 0.91953125 0.71875 0.15859375 0.55703125
0 0.76953125 0.67578125 0.21171875 0.40546875
0 0.68359375 0.5984375 0.15859375 0.2984375
0 0.65078125 0.565625 0.1359375 0.20546875
0 0.621875 0.53828125 0.1140625 0.17890625
0 0.59375 0.5203125 0.08515625 0.109375
0 0.41015625 0.51328125 0.02578125 0.06171875
0 0.5640625 0.5015625 0.06171875 0.0796875
0 0.546875 0.49609375 0.05078125 0.0640625
0 0.53515625 0.4828125 0.04296875 0.0640625
0 0.39296875 0.49453125 0.02265625 0.053125
0 0.37109375 0.4921875 0.015625 0.03984375