0 0.4953125 0.54765625 0.04375 0.1203125
0 0.14375 0.7359375 0.234375 0.490625
0 0.3140625 0.58671875 0.13671875 0.2
0 0.34609375 0.565625 0.10546875 0.1703125
0 0.378125 0.53828125 0.0796875 0.11484375
0 0.403125 0.4921875 0.090625 0.1625
2 0.6203125 0.5703125 0.02578125 0.19453125
0 0.8640625 0.58515625 0.20078125 0.2453125
0 0.49296875 0.52265625 0.02734375 0.0828125
0 0.034375 0.6453125 0.06875 0.30703125
0 0.96171875 0.54765625 0.075 0.346875
0 0.15703125 0.534375 0.09609375 0.13359375
0 0.21875 0.53203125 0.059375 0.08515625
0 0.33046875 0.48125 0.05 0.1171875