0 0.153125 0.75625 0.30625 0.484375
0 0.928125 0.5546875 0.1421875 0.2796875
0 0.8359375 0.53359375 0.11796875 0.2265625
0 0.7890625 0.5203125 0.11171875 0.18125
0 0.7515625 0.5109375 0.10546875 0.1625
0 0.72578125 0.515625 0.103125 0.13046875
0 0.63125 0.5984375 0.11015625 0.271875
0 0.59140625 0.56171875 0.06484375 0.1546875
0 0.375 0.56953125 0.0875 0.19453125
0 0.409375 0.525 0.06640625 0.18125
0 0.63984375 0.484375 0.07421875 0.10703125
0 0.4421875 0.5203125 0.0359375 0.09609375
0 0.44921875 0.5 0.05078125 0.06171875
0 0.52109375 0.44921875 0.04921875 0.16796875