0 0.49296875 0.5796875 0.078125 0.2453125
0 0.925 0.7171875 0.1484375 0.56015625
0 0.7828125 0.67578125 0.2109375 0.4078125
0 0.6953125 0.58671875 0.18515625 0.28828125
0 0.66171875 0.56171875 0.13046875 0.1921875
0 0.05859375 0.61875 0.11640625 0.275
0 0.13359375 0.5625 0.13203125 0.2078125
0 0.4390625 0.484375 0.01953125 0.053125
2 0.5609375 0.51328125 0.0140625 0.1171875
2 0.01328125 0.54140625 0.01796875 0.20234375
2 0.74765625 0.484375 0.0078125 0.109375
2 0.7453125 0.47578125 0.0046875 0.0796875