0 0.47890625 0.515625 0.02734375 0.0828125
0 0.06484375 0.49921875 0.1296875 0.9984375
0 0.059375 0.678125 0.11875 0.325
0 0.17265625 0.596875 0.14375 0.23125
0 0.275 0.68359375 0.09140625 0.19140625
0 0.32109375 0.61171875 0.10703125 0.22109375
0 0.28046875 0.5609375 0.071875 0.11171875
0 0.3859375 0.54765625 0.05078125 0.1140625
0 0.34296875 0.53046875 0.0421875 0.09609375
0 0.40703125 0.528125 0.03515625 0.0828125
0 0.43984375 0.490625 0.01953125 0.071875
0 0.25859375 0.52109375 0.065625 0.12734375