0 0.946875 0.5671875 0.1046875 0.1375
0 0.89453125 0.56328125 0.10234375 0.1328125
0 0.82578125 0.5625 0.09453125 0.14296875
0 0.50625 0.50703125 0.028125 0.08125
2 0.1640625 0.47578125 0.01328125 0.12734375
2 0.24140625 0.49765625 0.01953125 0.1484375
1 0.45625 0.5015625 0.028125 0.15703125
2 0.21328125 0.47734375 0.01328125 0.121875
2 0.3109375 0.55703125 0.03359375 0.259375
2 0.3375 0.5515625 0.028125 0.2484375
2 0.365625 0.5625 0.05625 0.2703125
2 0.503125 0.6015625 0.05 0.36484375
2 0.540625 0.58671875 0.04296875 0.31875
2 0.3640625 0.6015625 0.03828125 0.340625
2 0.39921875 0.58671875 0.05234375 0.32421875
2 0.43046875 0.58515625 0.0359375 0.28125
2 0.31484375 0.5671875 0.0296875 0.28359375