0 0.49609375 0.54765625 0.04375 0.1171875
0 0.09765625 0.74765625 0.19453125 0.4984375
0 0.29453125 0.6 0.1515625 0.2296875
0 0.33203125 0.571875 0.11484375 0.1890625
0 0.37109375 0.54375 0.084375 0.12265625
0 0.3984375 0.49296875 0.09609375 0.1734375
2 0.634375 0.584375 0.02578125 0.215625
0 0.8984375 0.609375 0.20234375 0.2796875
0 0.525 0.4890625 0.0234375 0.07734375
0 0.49375 0.5203125 0.02734375 0.0828125
0 0.41953125 0.5109375 0.0703125 0.1015625
0 0.9875 0.53203125 0.02421875 0.346875
0 0.13359375 0.53203125 0.10625 0.14375
0 0.203125 0.528125 0.06484375 0.090625
2 0.225 0.5109375 0.0109375 0.109375
0 0.325 0.4828125 0.05234375 0.1203125