2 0.24453125 0.50234375 0.0171875 0.15390625
2 0.3296875 0.490625 0.01328125 0.10546875
2 0.06640625 0.53671875 0.0375 0.27578125
2 0.24296875 0.47265625 0.0125 0.1078125
0 0.46953125 0.48515625 0.01953125 0.0484375
0 0.82890625 0.55390625 0.08828125 0.1296875
0 0.89453125 0.5578125 0.09921875 0.12421875
0 0.94765625 0.559375 0.103125 0.12734375
2 0.0328125 0.5375 0.03125 0.25390625
2 0.26875 0.47578125 0.01171875 0.11640625
2 0.25390625 0.4796875 0.009375 0.10234375
2 0.11875 0.53671875 0.02890625 0.2375
2 0.07578125 0.52421875 0.025 0.24296875
2 0.6015625 0.6390625 0.0609375 0.4
2 0.753125 0.6015625 0.06484375 0.4078125
1 0.38828125 0.50234375 0.01484375 0.11328125
2 0.05234375 0.52734375 0.02109375 0.2078125
2 0.01484375 0.5203125 0.0296875 0.2375
0 0.50625 0.50234375 0.0296875 0.07578125
2 0.2296875 0.4671875 0.0078125 0.09453125
2 0.184375 0.47265625 0.0078125 0.11875
2 0.92578125 0.5296875 0.009375 0.09765625