2 0.89453125 0.6984375 0.0953125 0.59765625
2 0.6921875 0.59296875 0.0421875 0.40234375
2 0.7078125 0.5890625 0.0375 0.3890625
2 0.540625 0.46484375 0.0171875 0.16484375
2 0.2453125 0.5375 0.0328125 0.32734375
2 0.4109375 0.5015625 0.01796875 0.17265625
2 0.43125 0.49765625 0.01953125 0.18671875
2 0.8953125 0.65 0.075 0.48359375
2 0.371875 0.49296875 0.0203125 0.21328125
2 0.35078125 0.47578125 0.02109375 0.1921875
2 0.3453125 0.478125 0.01953125 0.19453125
2 0.5140625 0.45234375 0.0125 0.14609375
0 0.11015625 0.49921875 0.2203125 0.9984375