0 0.946875 0.56640625 0.10546875 0.1375
0 0.89453125 0.56328125 0.1015625 0.1328125
0 0.82578125 0.5625 0.09453125 0.14296875
0 0.50625 0.5078125 0.028125 0.08125
1 0.50625 0.59765625 0.07421875 0.31328125
1 0.55546875 0.571875 0.08203125 0.3
1 0.36953125 0.52421875 0.02421875 0.140625
2 0.15625 0.46640625 0.0125 0.12734375
2 0.04765625 0.5296875 0.03671875 0.278125
2 0.1875 0.4984375 0.0203125 0.1625
2 0.16484375 0.4890625 0.01875 0.16484375
2 0.625 0.63125 0.0515625 0.4515625
2 0.65390625 0.61640625 0.05078125 0.421875
2 0.740625 0.62265625 0.0671875 0.4890625
2 0.7390625 0.66875 0.07265625 0.5515625