0 0.51875 0.59765625 0.0703125 0.22109375
0 0.6421875 0.5546875 0.11015625 0.1734375
0 0.5890625 0.53359375 0.0640625 0.10703125
0 0.56796875 0.52421875 0.05703125 0.0796875
0 0.06953125 0.665625 0.1390625 0.24296875
0 0.39375 0.5375 0.04140625 0.08828125
0 0.45 0.51484375 0.02578125 0.06171875
0 0.4796875 0.50234375 0.01875 0.0453125
0 0.29609375 0.55859375 0.06484375 0.10703125
0 0.33125 0.5359375 0.04453125 0.10390625
0 0.3765625 0.52265625 0.0359375 0.06953125
0 0.42421875 0.515625 0.03359375 0.05078125
0 0.19375 0.553125 0.0703125 0.109375
0 0.18359375 0.5359375 0.0734375 0.0796875