0 0.4859375 0.53046875 0.04609375 0.12265625
0 0.24453125 0.64140625 0.1875 0.31171875
0 0.28515625 0.584375 0.15390625 0.234375
0 0.353125 0.53828125 0.09375 0.13359375
0 0.38828125 0.51484375 0.0765625 0.109375
0 0.81484375 0.56953125 0.36796875 0.85625
0 0.66015625 0.6078125 0.12578125 0.24765625
0 0.55625 0.52109375 0.0390625 0.09296875
0 0.52890625 0.4734375 0.02734375 0.09609375
0 0.4890625 0.50234375 0.02890625 0.08828125
0 0.0765625 0.54921875 0.153125 0.44296875
0 0.11015625 0.53359375 0.0875 0.1171875
0 0.22578125 0.50703125 0.06015625 0.0828125