0 0.6046875 0.58671875 0.10546875 0.26953125
0 0.11484375 0.65859375 0.2296875 0.33828125
0 0.16875 0.6265625 0.265625 0.275
0 0.228125 0.60234375 0.1859375 0.215625
0 0.3140625 0.53984375 0.1375 0.18671875
0 0.29453125 0.56015625 0.11640625 0.17890625
0 0.57265625 0.5625 0.06640625 0.15234375
0 0.32421875 0.528125 0.0984375 0.16015625
0 0.34921875 0.53359375 0.096875 0.12265625
0 0.52890625 0.52109375 0.0296875 0.07734375
0 0.55390625 0.54140625 0.04765625 0.125
0 0.0640625 0.79375 0.128125 0.409375