0 0.35 0.6 0.11328125 0.24296875
1 0.8765625 0.46640625 0.07890625 0.20546875
1 0.79921875 0.46328125 0.05703125 0.16484375
2 0.4609375 0.5171875 0.025 0.1703125
1 0.63828125 0.47578125 0.03515625 0.10546875
2 0.33828125 0.52578125 0.01875 0.1921875
1 0.703125 0.471875 0.02265625 0.11875
2 0.18203125 0.55234375 0.0171875 0.14609375
2 0.178125 0.559375 0.0203125 0.140625
1 0.26484375 0.55 0.0640625 0.18671875
2 0.23828125 0.5484375 0.0234375 0.14609375
2 0.21640625 0.5578125 0.02734375 0.18125
2 0.30546875 0.52578125 0.01953125 0.18125
0 0.9546875 0.4328125 0.08828125 0.10546875
0 0.87421875 0.4609375 0.10078125 0.0890625