0 0.24765625 0.67578125 0.1609375 0.33359375
0 0.1453125 0.75234375 0.28984375 0.490625
0 0.809375 0.453125 0.16640625 0.19765625
0 0.9 0.43984375 0.08359375 0.128125
0 0.9875 0.41484375 0.0234375 0.1359375
0 0.94375 0.43984375 0.0953125 0.11484375
0 0.3765625 0.565625 0.06015625 0.13046875
0 0.334375 0.5921875 0.0953125 0.19765625
0 0.57734375 0.51484375 0.046875 0.10703125
0 0.40078125 0.546875 0.04375 0.109375
0 0.5140625 0.52265625 0.0296875 0.0796875
0 0.5875 0.50703125 0.07734375 0.090625
0 0.5109375 0.4828125 0.03359375 0.04296875