2 0.20703125 0.71015625 0.153125 0.575
2 0.2578125 0.72734375 0.06953125 0.53984375
2 0.1328125 0.72890625 0.0609375 0.5375
2 0.11953125 0.6921875 0.05703125 0.44140625
2 0.32734375 0.65234375 0.05234375 0.446875
2 0.146875 0.7109375 0.04921875 0.4546875
2 0.28046875 0.659375 0.06328125 0.425
0 0.31015625 0.609375 0.1171875 0.26484375
1 0.39921875 0.53203125 0.02578125 0.18984375
2 0.55078125 0.5078125 0.01953125 0.165625
2 0.440625 0.51484375 0.01015625 0.12265625
2 0.44921875 0.509375 0.01328125 0.128125