0 0.071875 0.64375 0.14296875 0.70703125
0 0.88203125 0.75703125 0.23515625 0.4796875
0 0.74140625 0.709375 0.19296875 0.44296875
0 0.04375 0.53984375 0.0875 0.51171875
0 0.69140625 0.5453125 0.103125 0.29296875
0 0.4875 0.49296875 0.03515625 0.125
0 0.7390625 0.44375 0.15703125 0.19453125
0 0.3625 0.51484375 0.04609375 0.09296875
0 0.30703125 0.4984375 0.0546875 0.128125
0 0.5984375 0.4921875 0.0484375 0.090625
0 0.53359375 0.43984375 0.025 0.090625
0 0.63515625 0.48515625 0.05078125 0.0984375
0 0.50234375 0.428125 0.02421875 0.125
0 0.2578125 0.53828125 0.084375 0.06640625
0 0.20859375 0.515625 0.06875 0.09609375
0 0.13046875 0.52109375 0.0609375 0.08515625