2 0.55546875 0.4703125 0.0171875 0.15390625
2 0.2453125 0.5375 0.03046875 0.3296875
2 0.6046875 0.59453125 0.04765625 0.43515625
2 0.6 0.5515625 0.0453125 0.37265625
2 0.54921875 0.59609375 0.0453125 0.42421875
2 0.5390625 0.60703125 0.046875 0.440625
2 0.453125 0.4890625 0.02734375 0.2109375
2 0.47578125 0.4828125 0.02421875 0.221875
2 0.4453125 0.48125 0.02265625 0.19453125
2 0.4171875 0.49296875 0.01875 0.20546875
2 0.3515625 0.48359375 0.021875 0.20546875
2 0.37734375 0.48671875 0.0171875 0.178125
2 0.39609375 0.47578125 0.01953125 0.20234375
0 0.11015625 0.49921875 0.2203125 0.9984375