0 0.05390625 0.7890625 0.10703125 0.415625
0 0.603125 0.5890625 0.09609375 0.2296875
0 0.16875 0.58125 0.15390625 0.184375
0 0.76328125 0.746875 0.24765625 0.5015625
0 0.571875 0.546875 0.0578125 0.15703125
0 0.36640625 0.56015625 0.06484375 0.146875
0 0.3921875 0.53046875 0.04921875 0.13359375
0 0.54609375 0.52265625 0.040625 0.10703125
0 0.87890625 0.765625 0.23984375 0.4640625
0 0.4140625 0.5296875 0.0375 0.10703125
0 0.53125 0.46640625 0.03828125 0.1359375
0 0.43984375 0.50234375 0.01875 0.03984375