0 0.49609375 0.528125 0.034375 0.10703125
0 0.03125 0.64140625 0.0625 0.23984375
0 0.11953125 0.59609375 0.15546875 0.2109375
0 0.696875 0.5890625 0.1453125 0.26640625
0 0.66328125 0.5625 0.1296875 0.2
0 0.61328125 0.553125 0.10625 0.1546875
0 0.59375 0.5296875 0.08984375 0.14375
0 0.5875 0.525 0.0828125 0.11484375
0 0.57421875 0.5171875 0.07421875 0.109375
0 0.43671875 0.5 0.01640625 0.03984375
0 0.53828125 0.49296875 0.04140625 0.05078125
0 0.5296875 0.48515625 0.0359375 0.053125
0 0.40859375 0.49609375 0.01875 0.0453125