0 0.5078125 0.584375 0.0640625 0.17578125
0 0.2140625 0.5625 0.0859375 0.14140625
1 0.74296875 0.5703125 0.09453125 0.22421875
0 0.5765625 0.52109375 0.059375 0.19453125
2 0.37890625 0.56640625 0.0203125 0.21875
0 0.30078125 0.52109375 0.0484375 0.1015625
0 0.37890625 0.5453125 0.08125 0.13046875
0 0.40234375 0.534375 0.075 0.090625
0 0.42265625 0.5265625 0.0546875 0.07734375
0 0.44140625 0.509375 0.040625 0.053125
0 0.484375 0.5375 0.03515625 0.10703125
0 0.2953125 0.51171875 0.0453125 0.06640625