0 0.4640625 0.51171875 0.01796875 0.04765625
0 0.08359375 0.75390625 0.1671875 0.48671875
0 0.565625 0.6046875 0.10234375 0.24453125
0 0.25 0.62265625 0.11953125 0.2234375
0 0.16015625 0.5609375 0.134375 0.2234375
0 0.31796875 0.57421875 0.06953125 0.14609375
0 0.43984375 0.53828125 0.03671875 0.1140625
0 0.34140625 0.5421875 0.0484375 0.10625
0 0.265625 0.5453125 0.0609375 0.109375
0 0.3703125 0.5265625 0.02890625 0.071875
0 0.296875 0.51484375 0.04609375 0.10625
0 0.3796875 0.515625 0.0234375 0.05859375
0 0.39296875 0.49296875 0.01875 0.0796875
0 0.42890625 0.48828125 0.025 0.0984375