0 0.496875 0.5203125 0.03515625 0.11171875
0 0.88828125 0.74296875 0.22109375 0.509375
0 0.7515625 0.65859375 0.2015625 0.434375
0 0.6875 0.59609375 0.165625 0.26640625
0 0.646875 0.55625 0.13359375 0.21875
0 0.625 0.546875 0.0984375 0.15703125
0 0.60625 0.5265625 0.096875 0.125
0 0.43359375 0.490625 0.01640625 0.0375
0 0.3953125 0.5203125 0.03125 0.071875
0 0.5703125 0.50234375 0.06796875 0.08828125
0 0.55078125 0.49765625 0.0546875 0.06953125
0 0.53671875 0.484375 0.0453125 0.06640625
0 0.38671875 0.49609375 0.02421875 0.05625
0 0.36484375 0.4890625 0.01640625 0.04296875