0 0.11328125 0.70078125 0.2265625 0.4765625
0 0.15078125 0.47734375 0.3015625 0.65078125
0 0.8203125 0.75859375 0.35859375 0.47734375
0 0.8625 0.65234375 0.2390625 0.29296875
0 0.74140625 0.59765625 0.2046875 0.2109375
0 0.271875 0.55703125 0.1625 0.1890625
0 0.52421875 0.5109375 0.02265625 0.05625
0 0.4078125 0.50234375 0.0609375 0.075
0 0.59375 0.52109375 0.07109375 0.08828125
0 0.3578125 0.53828125 0.10234375 0.125
0 0.31484375 0.5453125 0.1359375 0.1625
0 0.64765625 0.5453125 0.09375 0.128125
0 0.66640625 0.5546875 0.10390625 0.128125