0 0.4953125 0.528125 0.03359375 0.10703125
0 0.0734375 0.625 0.146875 0.22109375
0 0.18203125 0.575 0.115625 0.1703125
0 0.6546875 0.5640625 0.11953125 0.20546875
0 0.63515625 0.54921875 0.11015625 0.165625
0 0.59765625 0.54296875 0.09453125 0.13046875
0 0.58125 0.53046875 0.08046875 0.125
0 0.57734375 0.51875 0.07421875 0.1015625
0 0.565625 0.51484375 0.0671875 0.0984375
0 0.44140625 0.4984375 0.01484375 0.034375
0 0.528125 0.48671875 0.03515625 0.05078125
0 0.4125 0.49765625 0.01796875 0.04296875