2 0.22890625 0.5421875 0.02578125 0.24609375
0 0.4671875 0.4875 0.02265625 0.06484375
2 0.27265625 0.50546875 0.01953125 0.1484375
2 0.11875 0.5203125 0.0296875 0.2296875
2 0.175 0.48359375 0.02109375 0.140625
0 0.56484375 0.54453125 0.1203125 0.14296875
0 0.82890625 0.55390625 0.08828125 0.1296875
0 0.89453125 0.5578125 0.09921875 0.12421875
0 0.94765625 0.559375 0.103125 0.12734375
2 0.1109375 0.52265625 0.02421875 0.21328125
2 0.18671875 0.4796875 0.02890625 0.15390625
2 0.17734375 0.48671875 0.0171875 0.13515625
2 0.20390625 0.5078125 0.01640625 0.16484375
2 0.178125 0.49765625 0.01875 0.1703125
1 0.4328125 0.4703125 0.00625 0.05703125
2 0.16875 0.50234375 0.0125 0.14296875
2 0.14921875 0.5 0.01953125 0.159375
0 0.50625 0.50234375 0.0296875 0.07578125
2 0.18671875 0.47265625 0.0125 0.11875