2 0.5796875 0.60859375 0.02890625 0.3046875
2 0.3671875 0.571875 0.03203125 0.22734375
2 0.334375 0.571875 0.01953125 0.2140625
2 0.67109375 0.553125 0.021875 0.2140625
2 0.65 0.54921875 0.02109375 0.20859375
2 0.5359375 0.546875 0.0203125 0.18203125
2 0.59921875 0.60859375 0.02265625 0.28046875
2 0.565625 0.584375 0.034375 0.22421875
2 0.62734375 0.553125 0.0234375 0.22421875
2 0.63671875 0.53203125 0.01796875 0.18984375
0 0.46875 0.52109375 0.034375 0.08828125
2 0.03671875 0.6484375 0.046875 0.34453125