0 0.834375 0.73203125 0.3296875 0.53046875
0 0.071875 0.74296875 0.14375 0.509375
0 0.08984375 0.65859375 0.1796875 0.490625
0 0.13125 0.63828125 0.2265625 0.275
0 0.24296875 0.6078125 0.1765625 0.215625
0 0.28984375 0.584375 0.1515625 0.19765625
0 0.3046875 0.56953125 0.1140625 0.184375
0 0.3203125 0.54921875 0.13515625 0.1625
0 0.35 0.534375 0.09296875 0.1203125
0 0.384375 0.5015625 0.07734375 0.1171875
1 0.4640625 0.5 0.00703125 0.05859375
0 0.584375 0.5734375 0.06328125 0.1625
0 0.6515625 0.53203125 0.1078125 0.14375
0 0.5859375 0.5 0.06171875 0.090625
0 0.52265625 0.5 0.021875 0.05625