2 0.0296875 0.7359375 0.040625 0.475
0 0.840625 0.746875 0.31640625 0.5015625
0 0.25 0.73984375 0.2078125 0.44296875
0 0.32734375 0.65625 0.12265625 0.22109375
0 0.62109375 0.61171875 0.115625 0.25078125
0 0.4046875 0.53828125 0.04765625 0.1171875
0 0.553125 0.5359375 0.04453125 0.1171875
0 0.4140625 0.5078125 0.04140625 0.1359375
0 0.54140625 0.5265625 0.040625 0.0984375
0 0.32109375 0.48125 0.1078125 0.13359375
0 0.49296875 0.4828125 0.01875 0.0640625
0 0.615625 0.46953125 0.0734375 0.09609375