0 0.22578125 0.74609375 0.2609375 0.5
2 0.53125 0.53671875 0.0453125 0.2484375
1 0.803125 0.46328125 0.04375 0.12421875
2 0.33984375 0.5625 0.04140625 0.2890625
1 0.76015625 0.47734375 0.025 0.1515625
2 0.1203125 0.58125 0.01953125 0.20234375
2 0.10703125 0.5921875 0.02578125 0.19765625
1 0.29375 0.57421875 0.08203125 0.2515625
2 0.07109375 0.6015625 0.034375 0.2078125
2 0.02421875 0.60390625 0.03828125 0.2625
2 0.1578125 0.56875 0.02734375 0.25390625
0 0.9546875 0.46484375 0.08828125 0.1078125
0 0.38828125 0.48671875 0.02421875 0.059375