0 0.4984375 0.534375 0.04296875 0.13359375
0 0.0921875 0.7453125 0.184375 0.4
0 0.86015625 0.7203125 0.2671875 0.5546875
0 0.665625 0.5796875 0.1484375 0.2296875
0 0.640625 0.55234375 0.115625 0.17890625
0 0.6234375 0.528125 0.09453125 0.15703125
0 0.58046875 0.50234375 0.084375 0.13828125
0 0.56171875 0.509375 0.06328125 0.08515625
0 0.54140625 0.49453125 0.04296875 0.05859375
0 0.30546875 0.52109375 0.05390625 0.1015625
0 0.4265625 0.475 0.03203125 0.09609375
0 0.33671875 0.52109375 0.040625 0.0828125
0 0.3609375 0.51875 0.03125 0.05859375
0 0.39765625 0.5 0.02578125 0.0453125
0 0.284375 0.515625 0.0328125 0.06953125
0 0.053125 0.525 0.03515625 0.0828125