0 0.4953125 0.54375 0.046875 0.125
0 0.12890625 0.75625 0.2578125 0.4828125
0 0.2921875 0.59453125 0.12890625 0.23203125
0 0.33515625 0.56640625 0.11640625 0.184375
0 0.38203125 0.53203125 0.08828125 0.1171875
0 0.421875 0.48515625 0.06875 0.1203125
0 0.8484375 0.75625 0.3015625 0.4828125
0 0.69765625 0.6109375 0.153125 0.325
2 0.575 0.53359375 0.015625 0.128125
0 0.71796875 0.534375 0.1140625 0.14375
0 0.04921875 0.63984375 0.0984375 0.31171875
0 0.49140625 0.5109375 0.028125 0.08515625
0 0.11875 0.58125 0.15546875 0.23984375
0 0.21875 0.553125 0.10078125 0.16796875
0 0.8515625 0.5078125 0.17578125 0.21328125
0 0.24765625 0.50703125 0.05859375 0.09609375