0 0.51015625 0.58125 0.0640625 0.17578125
0 0.2296875 0.55234375 0.0796875 0.13046875
1 0.72265625 0.56015625 0.084375 0.20546875
0 0.571875 0.51171875 0.0546875 0.18125
2 0.38984375 0.54765625 0.015625 0.2
0 0.3125 0.51484375 0.0453125 0.09296875
0 0.38515625 0.534375 0.0765625 0.12265625
0 0.40703125 0.528125 0.07265625 0.08515625
0 0.42578125 0.5203125 0.053125 0.075
0 0.44296875 0.50390625 0.0390625 0.05078125
0 0.484375 0.53984375 0.03515625 0.10703125
0 0.30078125 0.50703125 0.04296875 0.06640625