2 0.61015625 0.646875 0.0484375 0.446875
2 0.68203125 0.6203125 0.05 0.44375
2 0.21328125 0.59921875 0.040625 0.315625
2 0.51796875 0.54140625 0.01875 0.203125
2 0.6453125 0.5671875 0.03828125 0.3046875
2 0.93046875 0.628125 0.09921875 0.51328125
2 0.91171875 0.57890625 0.0484375 0.40078125
2 0.3078125 0.58671875 0.0328125 0.27578125
0 0.28671875 0.65625 0.04921875 0.1875
2 0.28203125 0.5859375 0.025 0.2859375
2 0.90546875 0.56171875 0.090625 0.390625
0 0.43984375 0.48828125 0.034375 0.11484375
0 0.3546875 0.50703125 0.075 0.203125
0 0.38359375 0.49609375 0.04765625 0.15234375