2 0.553125 0.590625 0.03046875 0.28359375
2 0.36875 0.5625 0.025 0.20859375
2 0.3390625 0.5640625 0.0203125 0.1953125
2 0.0546875 0.87421875 0.109375 0.2484375
2 0.64375 0.53984375 0.02265625 0.18984375
2 0.61171875 0.534375 0.0203125 0.1875
2 0.52265625 0.5390625 0.02109375 0.1765625
2 0.5828125 0.59453125 0.02421875 0.2671875
2 0.6078125 0.5453125 0.02734375 0.2140625
2 0.628125 0.52578125 0.0296875 0.18203125
0 0.45859375 0.51875 0.03359375 0.0859375
2 0.084375 0.6375 0.05234375 0.31796875
2 0.13828125 0.78203125 0.10234375 0.40078125