0 0.5046875 0.565625 0.05234375 0.165625
0 0.86640625 0.71875 0.23984375 0.55703125
0 0.6375 0.56640625 0.1015625 0.18125
0 0.59140625 0.54140625 0.0828125 0.1203125
0 0.22890625 0.62421875 0.13515625 0.25078125
0 0.38125 0.53828125 0.05234375 0.10703125
0 0.13828125 0.61171875 0.14921875 0.1921875
0 0.23359375 0.56171875 0.08046875 0.16015625
0 0.44609375 0.51171875 0.03125 0.05859375
0 0.32421875 0.534375 0.0546875 0.09296875
0 0.39296875 0.5203125 0.04296875 0.06171875
0 0.0171875 0.59609375 0.03359375 0.1703125
0 0.04140625 0.55078125 0.0828125 0.1171875
0 0.5234375 0.4984375 0.01953125 0.04765625
0 0.246875 0.53359375 0.06640625 0.090625