0 0.8203125 0.73359375 0.34296875 0.528125
0 0.09375 0.7296875 0.18671875 0.49296875
0 0.1046875 0.63828125 0.209375 0.4375
0 0.159375 0.62421875 0.20390625 0.25078125
0 0.26015625 0.6 0.1625 0.20234375
0 0.30078125 0.57734375 0.14140625 0.18671875
0 0.31328125 0.565625 0.1078125 0.1734375
0 0.32734375 0.54375 0.12890625 0.1546875
0 0.35546875 0.53203125 0.08828125 0.11484375
0 0.3859375 0.50546875 0.075 0.11484375
1 0.46484375 0.5015625 0.00625 0.05625
0 0.578125 0.56796875 0.059375 0.1546875
0 0.6453125 0.528125 0.103125 0.13828125
0 0.58359375 0.5015625 0.06015625 0.08828125
0 0.52109375 0.50234375 0.021875 0.053125