0 0.2671875 0.73046875 0.20546875 0.4640625
0 0.38046875 0.60234375 0.078125 0.20546875
0 0.415625 0.51875 0.05859375 0.19765625
0 0.16953125 0.7171875 0.171875 0.35703125
0 0.6546875 0.5796875 0.19296875 0.2453125
0 0.61171875 0.55859375 0.14140625 0.1625
0 0.5546875 0.5296875 0.0890625 0.12265625
0 0.44296875 0.51171875 0.0359375 0.109375
0 0.90625 0.7296875 0.1859375 0.4
0 0.80546875 0.66796875 0.12421875 0.29296875
0 0.7703125 0.634375 0.12734375 0.2828125
0 0.51484375 0.509375 0.02421875 0.06953125
0 0.10625 0.6109375 0.21171875 0.7734375