0 0.5515625 0.56171875 0.078125 0.2796875
0 0.3015625 0.6078125 0.125 0.20546875
0 0.203125 0.57890625 0.15 0.26171875
0 0.465625 0.5296875 0.0546875 0.13359375
0 0.80078125 0.5734375 0.1359375 0.21328125
0 0.5984375 0.490625 0.03515625 0.10703125
0 0.63984375 0.45625 0.04296875 0.13359375
0 0.88515625 0.546875 0.15390625 0.2265625
0 0.953125 0.565625 0.09140625 0.1921875
0 0.59140625 0.434375 0.04140625 0.18671875
0 0.109375 0.64765625 0.21796875 0.16015625
0 0.065625 0.61171875 0.13125 0.1984375
0 0.0125 0.61328125 0.025 0.1453125
0 0.04375 0.546875 0.059375 0.13046875