2 0.30546875 0.5796875 0.0375 0.3109375
0 0.46328125 0.50546875 0.03671875 0.10234375
2 0.240625 0.5171875 0.021875 0.178125
2 0.11875 0.5203125 0.03046875 0.2296875
2 0.14375 0.48125 0.02421875 0.159375
0 0.765625 0.5671875 0.14453125 0.15703125
0 0.82890625 0.55390625 0.08828125 0.1296875
0 0.89375 0.5578125 0.09921875 0.12421875
0 0.94765625 0.559375 0.103125 0.12734375
2 0.1109375 0.52265625 0.02109375 0.21328125
2 0.16328125 0.4828125 0.015625 0.17578125
2 0.13671875 0.4921875 0.02109375 0.15390625
2 0.2203125 0.5 0.015625 0.14296875
2 0.2015625 0.4921875 0.01484375 0.1515625
2 0.19296875 0.49609375 0.01171875 0.1296875
2 0.18046875 0.490625 0.0171875 0.14296875
0 0.50625 0.50234375 0.0296875 0.07578125
2 0.1875 0.47265625 0.009375 0.11875