2 0.60859375 0.62578125 0.0421875 0.353125
2 0.34375 0.58828125 0.03046875 0.28046875
2 0.28671875 0.58671875 0.02578125 0.2671875
2 0.728125 0.5765625 0.03046875 0.278125
2 0.6953125 0.56953125 0.03515625 0.27578125
2 0.53828125 0.54375 0.02421875 0.1921875
2 0.60703125 0.62578125 0.03046875 0.315625
2 0.59296875 0.6 0.040625 0.27578125
2 0.57578125 0.58984375 0.02265625 0.2484375
2 0.6421875 0.55859375 0.0265625 0.24609375
2 0.646875 0.534375 0.02421875 0.203125
0 0.465625 0.51640625 0.03828125 0.09609375