0 0.496875 0.5203125 0.03515625 0.109375
0 0.85390625 0.73828125 0.25546875 0.5171875
0 0.72421875 0.63359375 0.1859375 0.37890625
0 0.67421875 0.5828125 0.15546875 0.24296875
0 0.6375 0.54921875 0.1265625 0.20234375
0 0.61796875 0.54140625 0.09375 0.14921875
0 0.6015625 0.52421875 0.09296875 0.1203125
0 0.4359375 0.4921875 0.015625 0.0375
0 0.4 0.5171875 0.02890625 0.06953125
0 0.56796875 0.50234375 0.06640625 0.08515625
0 0.54921875 0.49765625 0.053125 0.06640625
0 0.53671875 0.4828125 0.04453125 0.06640625
0 0.3890625 0.49609375 0.02421875 0.053125
0 0.3671875 0.490625 0.01640625 0.03984375