2 0.6640625 0.68046875 0.05859375 0.5078125
2 0.73671875 0.67265625 0.07578125 0.52109375
2 0.13203125 0.6859375 0.0546875 0.4890625
2 0.38046875 0.5828125 0.02890625 0.28046875
2 0.575 0.5390625 0.0265625 0.20625
2 0.7453125 0.5734375 0.065625 0.32109375
2 0.94140625 0.56171875 0.05390625 0.38515625
2 0.82578125 0.5453125 0.03359375 0.29921875
2 0.3859375 0.54921875 0.02109375 0.17890625
0 0.38125 0.58671875 0.02734375 0.11484375
2 0.3671875 0.546875 0.01484375 0.18203125
0 0.4546875 0.48359375 0.02265625 0.07734375
0 0.3875 0.51171875 0.0625 0.1765625
0 0.409375 0.50546875 0.040625 0.13671875