2 0.0375 0.590625 0.07421875 0.3671875
2 0.021875 0.57421875 0.04296875 0.359375
1 0.66875 0.55703125 0.04140625 0.30234375
2 0.5078125 0.5625 0.02734375 0.221875
0 0.41171875 0.51875 0.0234375 0.1625
1 0.38984375 0.50703125 0.02421875 0.14296875
2 0.6546875 0.4984375 0.01796875 0.1703125
2 0.5515625 0.47578125 0.01171875 0.10234375
2 0.52421875 0.4875 0.009375 0.10234375
2 0.53828125 0.4828125 0.01015625 0.10234375
2 0.58203125 0.46875 0.0109375 0.10234375
2 0.59375 0.46640625 0.01015625 0.1109375