0 0.99609375 0.72421875 0.00625 0.546875
0 0.36171875 0.66796875 0.184375 0.3703125
0 0.8375 0.75859375 0.32265625 0.47734375
0 0.72734375 0.67734375 0.17734375 0.40234375
0 0.959375 0.4921875 0.0796875 0.215625
0 0.9125 0.49296875 0.16328125 0.25625
0 0.80859375 0.51171875 0.14140625 0.2265625
0 0.421875 0.5703125 0.071875 0.16796875
0 0.45078125 0.53984375 0.06171875 0.13046875
0 0.725 0.5 0.0703125 0.10703125
0 0.6015625 0.52265625 0.0390625 0.10703125
0 0.4859375 0.51328125 0.0375 0.090625
0 0.5640625 0.4546875 0.03671875 0.1203125