0 0.12421875 0.76171875 0.24765625 0.471875
0 0.9125 0.44921875 0.17421875 0.275
0 0.978125 0.42265625 0.0421875 0.14921875
0 0.359375 0.5828125 0.08359375 0.1703125
0 0.284375 0.646875 0.153125 0.29609375
0 0.61484375 0.5203125 0.0625 0.13359375
0 0.3984375 0.55078125 0.05546875 0.13046875
0 0.42578125 0.5359375 0.0359375 0.09609375
0 0.5328125 0.5171875 0.034375 0.090625
0 0.62421875 0.5109375 0.09453125 0.10703125
0 0.56875 0.50234375 0.04140625 0.075
0 0.51171875 0.4703125 0.0359375 0.034375
0 0.421875 0.47890625 0.03046875 0.034375