0 0.07578125 0.771875 0.1515625 0.45078125
0 0.31953125 0.6734375 0.13359375 0.309375
0 0.17265625 0.6984375 0.1890625 0.3359375
1 0.725 0.671875 0.13515625 0.36796875
1 0.81484375 0.72421875 0.1640625 0.471875
2 0.021875 0.65234375 0.034375 0.3546875
0 0.4140625 0.55625 0.046875 0.13046875
0 0.44140625 0.5296875 0.02578125 0.07734375
0 0.45078125 0.5015625 0.021875 0.0828125
0 0.55703125 0.5375 0.08203125 0.10703125
0 0.52421875 0.51171875 0.0546875 0.075
0 0.46171875 0.4921875 0.01640625 0.053125
0 0.38359375 0.56640625 0.0796875 0.23203125