0 0.58984375 0.575 0.09140625 0.23203125
0 0.15703125 0.625 0.22578125 0.27734375
0 0.215625 0.60234375 0.221875 0.23203125
0 0.259375 0.5890625 0.1609375 0.1890625
0 0.3296875 0.534375 0.125 0.1703125
0 0.3125 0.553125 0.1046875 0.16015625
0 0.5640625 0.553125 0.05859375 0.1359375
0 0.3359375 0.525 0.0890625 0.146875
0 0.35859375 0.52265625 0.08984375 0.11484375
0 0.52734375 0.515625 0.028125 0.075
0 0.5484375 0.53828125 0.04375 0.11484375
0 0.04375 0.8015625 0.08671875 0.3921875
0 0.0828125 0.78515625 0.165625 0.39453125
0 0.14140625 0.71875 0.146875 0.309375