0 0.6734375 0.6453125 0.18203125 0.43984375
0 0.0953125 0.73828125 0.190625 0.4796875
0 0.12265625 0.66953125 0.2453125 0.33828125
0 0.1734375 0.6109375 0.209375 0.26171875
0 0.26171875 0.54765625 0.184375 0.2453125
0 0.23203125 0.58671875 0.1640625 0.24296875
0 0.6046875 0.584375 0.09375 0.20546875
0 0.28359375 0.5375 0.128125 0.20546875
0 0.3234375 0.53203125 0.11953125 0.14921875
0 0.36875 0.515625 0.0828125 0.1015625
0 0.3859375 0.49453125 0.06796875 0.10390625
0 0.5390625 0.515625 0.03515625 0.090625
0 0.5734375 0.54921875 0.06171875 0.15703125