0 0.49375 0.54140625 0.04609375 0.125
0 0.08125 0.74140625 0.1625 0.51171875
0 0.26640625 0.6109375 0.14296875 0.26640625
0 0.31796875 0.575 0.12734375 0.20234375
0 0.3734375 0.5359375 0.0953125 0.125
0 0.40234375 0.509375 0.06484375 0.08515625
0 0.41875 0.4828125 0.07109375 0.125
0 0.86953125 0.76953125 0.259375 0.45625
0 0.7296875 0.63203125 0.1875 0.38125
2 0.5796875 0.53359375 0.015625 0.13359375
0 0.73203125 0.5375 0.12265625 0.1546875
0 0.48984375 0.5109375 0.028125 0.08515625
0 0.08125 0.615625 0.1625 0.275
0 0.190625 0.57578125 0.11484375 0.18671875
0 0.87734375 0.50390625 0.18984375 0.2296875
0 0.23671875 0.49765625 0.0625 0.0984375
0 0.35078125 0.46640625 0.04140625 0.1015625