0 0.9890625 0.68515625 0.02109375 0.62421875
0 0.99375 0.70546875 0.0109375 0.56796875
0 0.39375 0.5359375 0.05859375 0.21328125
0 0.81171875 0.46640625 0.2625 0.33828125
0 0.18046875 0.58125 0.10703125 0.1703125
0 0.07578125 0.56953125 0.13984375 0.234375
0 0.31875 0.5203125 0.04765625 0.11484375
0 0.5734375 0.5265625 0.0796875 0.146875
0 0.43515625 0.48671875 0.0296875 0.090625
0 0.4703125 0.453125 0.03046875 0.11484375
0 0.62578125 0.51875 0.0828125 0.15234375
0 0.69140625 0.52265625 0.096875 0.128125
0 0.9625 0.43828125 0.0734375 0.20546875
0 0.43125 0.44140625 0.0328125 0.1625
0 0.04375 0.62109375 0.0875 0.12265625