0 0.1046875 0.771875 0.209375 0.45078125
0 0.93203125 0.53984375 0.13359375 0.3015625
0 0.8609375 0.53359375 0.1359375 0.2265625
0 0.80625 0.51328125 0.1265625 0.19765625
0 0.765625 0.515625 0.11796875 0.15234375
0 0.73046875 0.4921875 0.09296875 0.13046875
0 0.68828125 0.64921875 0.165625 0.38125
0 0.6203125 0.57578125 0.08203125 0.1890625
0 0.35390625 0.59453125 0.11328125 0.23984375
0 0.4 0.53046875 0.08203125 0.21328125
0 0.659375 0.4828125 0.08359375 0.1203125
0 0.428125 0.5453125 0.04921875 0.1359375
0 0.44140625 0.52265625 0.04296875 0.10703125
0 0.521875 0.4921875 0.05390625 0.0640625
0 0.528125 0.44375 0.05234375 0.18125