0 0.984375 0.45078125 0.0296875 0.3546875
0 0.32421875 0.63359375 0.11640625 0.234375
0 0.175 0.7546875 0.28984375 0.48515625
0 0.65 0.53984375 0.08359375 0.165625
0 0.38359375 0.571875 0.07265625 0.1625
0 0.4203125 0.5546875 0.04453125 0.11171875
0 0.43359375 0.53828125 0.03828125 0.09609375
0 0.5453125 0.5296875 0.0375 0.10390625
0 0.6546875 0.5109375 0.11328125 0.128125
0 0.5609375 0.52421875 0.04453125 0.08828125
0 0.5859375 0.51171875 0.04609375 0.0828125
0 0.4984375 0.4796875 0.03125 0.034375