0 0.49453125 0.56171875 0.04296875 0.1171875
0 0.18671875 0.71875 0.21640625 0.4109375
0 0.26796875 0.63984375 0.159375 0.290625
0 0.340625 0.571875 0.10625 0.15703125
0 0.378125 0.509375 0.11484375 0.21875
2 0.70390625 0.64140625 0.0421875 0.3203125
0 0.98828125 0.65078125 0.02265625 0.3921875
0 0.52890625 0.50390625 0.02734375 0.08515625
0 0.49296875 0.53203125 0.02734375 0.08515625
0 0.40859375 0.5265625 0.08125 0.1171875
0 0.05546875 0.56796875 0.1109375 0.18671875
0 0.140625 0.55703125 0.08671875 0.11171875
0 0.2203125 0.57734375 0.1109375 0.17578125
2 0.17421875 0.525 0.01640625 0.13046875
2 0.22734375 0.52265625 0.0109375 0.08515625
0 0.30703125 0.4890625 0.0609375 0.1359375