0 0.5 0.56015625 0.05390625 0.146875
0 0.78515625 0.65078125 0.28359375 0.69296875
0 0.07734375 0.54140625 0.1546875 0.2453125
0 0.23125 0.63828125 0.1828125 0.36015625
0 0.28828125 0.60390625 0.1546875 0.23203125
0 0.3328125 0.57578125 0.1359375 0.184375
0 0.38984375 0.5375 0.08125 0.13046875
0 0.428125 0.50546875 0.05703125 0.075
0 0.6140625 0.571875 0.0765625 0.16015625
0 0.5828125 0.528125 0.05390625 0.13359375
2 0.5515625 0.52265625 0.0125 0.11484375
0 0.49453125 0.51875 0.03125 0.09609375
0 0.1984375 0.509375 0.08046875 0.10703125