0 0.49453125 0.5625 0.04296875 0.1171875
0 0.12109375 0.76015625 0.2421875 0.475
0 0.22734375 0.6828125 0.1828125 0.35703125
0 0.3265625 0.58828125 0.115625 0.17578125
0 0.36796875 0.5109375 0.12421875 0.23984375
2 0.74453125 0.6703125 0.0546875 0.384375
0 0.5296875 0.5015625 0.028125 0.08828125
0 0.4921875 0.53359375 0.02734375 0.0828125
0 0.4046875 0.53046875 0.08515625 0.125
0 0.03828125 0.5703125 0.0765625 0.1921875
0 0.11328125 0.56953125 0.09765625 0.12265625
0 0.19296875 0.59609375 0.1296875 0.2
0 0.27265625 0.55859375 0.0734375 0.13828125
2 0.15390625 0.534375 0.01796875 0.13828125
2 0.21328125 0.53046875 0.00703125 0.08828125
0 0.3 0.490625 0.0640625 0.14140625