0 0.52578125 0.51484375 0.021875 0.05859375
0 0.2578125 0.65703125 0.1640625 0.3328125
0 0.0734375 0.66484375 0.146875 0.321875
0 0.19921875 0.5609375 0.109375 0.22578125
0 0.87734375 0.740625 0.24296875 0.51328125
0 0.38046875 0.55859375 0.06015625 0.13046875
0 0.29140625 0.53203125 0.0828125 0.1625
0 0.41171875 0.53828125 0.040625 0.09609375
0 0.49609375 0.528125 0.03125 0.0984375
0 0.35078125 0.53046875 0.0453125 0.0875
0 0.4375 0.515625 0.01953125 0.05859375
0 0.37265625 0.5078125 0.0359375 0.090625
0 0.48203125 0.48125 0.02265625 0.090625