0 0.52265625 0.615625 0.08359375 0.2640625
0 0.63515625 0.5453125 0.10390625 0.1625
0 0.58671875 0.528125 0.0609375 0.1015625
0 0.56640625 0.51875 0.0546875 0.075
0 0.21328125 0.63203125 0.12734375 0.22421875
0 0.0828125 0.6453125 0.165625 0.21875
0 0.4203125 0.5203125 0.03125 0.06953125
0 0.465625 0.50390625 0.02265625 0.053125
0 0.49140625 0.49296875 0.01796875 0.04296875
0 0.30625 0.54921875 0.06171875 0.1015625
0 0.3390625 0.5296875 0.04296875 0.0984375
0 0.38203125 0.51875 0.0359375 0.06640625
0 0.42734375 0.51171875 0.0328125 0.04765625
0 0.209375 0.54375 0.06484375 0.1015625
0 0.1984375 0.528125 0.0703125 0.075