2 0.0765625 0.50703125 0.0125 0.13828125
2 0.42421875 0.47890625 0.00859375 0.09609375
0 0.39765625 0.4703125 0.04296875 0.109375
0 0.4265625 0.47734375 0.04296875 0.0828125
0 0.46796875 0.4734375 0.05078125 0.071875
0 0.58359375 0.45859375 0.05078125 0.090625
0 0.60625 0.46171875 0.03828125 0.06171875
0 0.6390625 0.46015625 0.0421875 0.06640625
0 0.6640625 0.465625 0.0484375 0.053125
0 0.68828125 0.465625 0.0359375 0.053125
0 0.70703125 0.46640625 0.0390625 0.05078125
0 0.72890625 0.4625 0.046875 0.053125
0 0.7671875 0.4453125 0.05 0.075
0 0.78671875 0.453125 0.0453125 0.05078125
0 0.8046875 0.4546875 0.0390625 0.0453125