0 0.5015625 0.53828125 0.05234375 0.1625
0 0.85078125 0.7296875 0.23515625 0.5359375
0 0.7453125 0.5921875 0.16875 0.3359375
0 0.6359375 0.51484375 0.13046875 0.23203125
0 0.59140625 0.515625 0.08671875 0.12265625
0 0.55625 0.48671875 0.053125 0.071875
0 0.54609375 0.4828125 0.03671875 0.05625
0 0.22578125 0.53984375 0.09296875 0.14921875
0 0.3734375 0.47578125 0.06015625 0.1734375
0 0.28203125 0.528125 0.0609375 0.11171875
0 0.325 0.5203125 0.04453125 0.075
0 0.38046875 0.4921875 0.03125 0.05625
0 0.2203125 0.52265625 0.05 0.09296875