0 0.6515625 0.6296875 0.13671875 0.35234375
0 0.12890625 0.6625 0.2578125 0.36015625
0 0.18984375 0.609375 0.22421875 0.2828125
0 0.21484375 0.5703125 0.1671875 0.2828125
0 0.2515625 0.575 0.13671875 0.1734375
0 0.3171875 0.55703125 0.11796875 0.14921875
0 0.34140625 0.54921875 0.10703125 0.14140625
0 0.34453125 0.5296875 0.084375 0.13828125
0 0.3546875 0.52421875 0.10390625 0.125
0 0.39296875 0.48828125 0.06484375 0.1015625
1 0.46484375 0.484375 0.00546875 0.05078125
0 0.5578125 0.54375 0.0453125 0.1203125
0 0.61328125 0.51328125 0.08359375 0.11484375
0 0.51640625 0.49453125 0.01953125 0.04765625