0 0.49375 0.54375 0.04609375 0.12265625
0 0.23359375 0.6296875 0.1609375 0.31171875
0 0.29921875 0.590625 0.1390625 0.2296875
0 0.3640625 0.54296875 0.1015625 0.1359375
0 0.39921875 0.5171875 0.0671875 0.090625
0 0.41640625 0.484375 0.075 0.13046875
0 0.9015625 0.76796875 0.19453125 0.45859375
0 0.775 0.66796875 0.2390625 0.4640625
2 0.58515625 0.53359375 0.01875 0.14375
0 0.7484375 0.5375 0.13203125 0.165625
0 0.48984375 0.51328125 0.028125 0.08515625
0 0.06015625 0.63046875 0.1203125 0.3109375
0 0.15625 0.5828125 0.134375 0.2109375
0 0.90078125 0.5171875 0.19609375 0.2453125
0 0.22421875 0.5078125 0.06796875 0.10390625
0 0.34765625 0.4703125 0.04296875 0.10390625