0 0.8484375 0.73046875 0.30078125 0.53359375
0 0.071875 0.68515625 0.14296875 0.56015625
0 0.1109375 0.65703125 0.22109375 0.30390625
0 0.2234375 0.61875 0.19140625 0.234375
0 0.27734375 0.5921875 0.1625 0.2109375
0 0.29453125 0.575 0.121875 0.1921875
0 0.31171875 0.55625 0.1421875 0.1703125
0 0.3453125 0.53828125 0.096875 0.125
0 0.38046875 0.50390625 0.0796875 0.12265625
1 0.46328125 0.5 0.00703125 0.06171875
0 0.590625 0.57890625 0.06875 0.1734375
0 0.659375 0.5375 0.11328125 0.15234375
0 0.58828125 0.50390625 0.06328125 0.09296875
0 0.52265625 0.50390625 0.02265625 0.05625