0 0.48984375 0.53203125 0.0453125 0.1203125
0 0.16328125 0.765625 0.3265625 0.4640625
0 0.05859375 0.76953125 0.11640625 0.45625
0 0.1359375 0.6828125 0.171875 0.33359375
0 0.2921875 0.5734375 0.11171875 0.1734375
0 0.3203125 0.55078125 0.10234375 0.16015625
0 0.35859375 0.53203125 0.075 0.1015625
0 0.4390625 0.53046875 0.04140625 0.0984375
0 0.39609375 0.50546875 0.06328125 0.0828125
0 0.57734375 0.55859375 0.0640625 0.15703125
0 0.56328125 0.44375 0.0671875 0.25859375
2 0.625 0.51171875 0.0125 0.14921875
0 0.05390625 0.5734375 0.10703125 0.1546875
0 0.49140625 0.5078125 0.02890625 0.08828125
0 0.2328125 0.51484375 0.05546875 0.08828125