0 0.60078125 0.58671875 0.0828125 0.1890625
0 0.20390625 0.72890625 0.2484375 0.49453125
0 0.528125 0.5078125 0.0296875 0.07421875
0 0.059375 0.66640625 0.11875 0.3421875
0 0.34296875 0.59453125 0.10078125 0.215625
0 0.23671875 0.5703125 0.0984375 0.1625
0 0.3109375 0.5421875 0.05625 0.10625
0 0.3515625 0.5078125 0.0359375 0.0984375
0 0.4234375 0.5171875 0.0296875 0.06953125
0 0.38046875 0.49609375 0.034375 0.0796875
0 0.4359375 0.50703125 0.02265625 0.05546875
0 0.48515625 0.5078125 0.02265625 0.06953125
0 0.503125 0.4921875 0.0109375 0.0375