0 0.93828125 0.55234375 0.121875 0.32265625
0 0.88125 0.53828125 0.16484375 0.2296875
0 0.80546875 0.5296875 0.125 0.184375
0 0.86328125 0.74296875 0.271875 0.509375
0 0.70546875 0.67578125 0.17421875 0.35234375
0 0.2359375 0.72421875 0.24765625 0.4828125
0 0.34765625 0.5625 0.13203125 0.325
0 0.76171875 0.51171875 0.10390625 0.15234375
0 0.7 0.48515625 0.109375 0.15234375
0 0.69765625 0.4796875 0.1328125 0.14921875
0 0.4 0.5546875 0.071875 0.18671875
0 0.42421875 0.53046875 0.05703125 0.1359375
0 0.53046875 0.44296875 0.0640625 0.2109375