0 0.10078125 0.7828125 0.2015625 0.4296875
0 0.3375 0.6703125 0.1125 0.271875
0 0.21171875 0.6890625 0.15546875 0.290625
1 0.69296875 0.65859375 0.1109375 0.309375
0 0.9734375 0.5890625 0.0515625 0.30390625
1 0.75 0.68828125 0.12734375 0.37578125
2 0.1046875 0.6453125 0.028125 0.28828125
0 0.4171875 0.57578125 0.04375 0.125
0 0.44140625 0.5453125 0.0234375 0.071875
0 0.45 0.52109375 0.01953125 0.075
0 0.55 0.5453125 0.078125 0.1015625
0 0.51953125 0.5359375 0.053125 0.075
0 0.38828125 0.58515625 0.07265625 0.2109375