0 0.52734375 0.63984375 0.10546875 0.328125
0 0.99453125 0.746875 0.00859375 0.5015625
0 0.63203125 0.53828125 0.10078125 0.1546875
0 0.5859375 0.52109375 0.06015625 0.0984375
0 0.56640625 0.51171875 0.05390625 0.075
0 0.3234375 0.56796875 0.06796875 0.13359375
0 0.1 0.63203125 0.16015625 0.20546875
0 0.4390625 0.5078125 0.0265625 0.05859375
0 0.47734375 0.49453125 0.0203125 0.04765625
0 0.31171875 0.54375 0.06015625 0.09609375
0 0.34140625 0.52421875 0.04140625 0.09609375
0 0.38515625 0.5109375 0.03515625 0.06640625
0 0.4296875 0.50546875 0.03203125 0.04765625
0 0.2171875 0.5375 0.0625 0.0984375
0 0.2078125 0.5203125 0.0671875 0.071875