0 0.090625 0.78515625 0.18125 0.42421875
0 0.975 0.5640625 0.0484375 0.4
0 0.903125 0.55703125 0.1921875 0.30703125
0 0.26015625 0.6359375 0.13359375 0.2296875
0 0.72265625 0.68671875 0.20390625 0.4
0 0.6265625 0.5921875 0.1 0.23984375
0 0.33046875 0.58671875 0.0703125 0.15703125
0 0.57578125 0.54375 0.0546875 0.125
0 0.3828125 0.54921875 0.05 0.10703125
0 0.5578125 0.5359375 0.0453125 0.1015625
0 0.41796875 0.52109375 0.0265625 0.071875
0 0.5390625 0.5171875 0.03125 0.0796875
0 0.46875 0.4890625 0.03359375 0.04296875