0 0.12265625 0.784375 0.2453125 0.4265625
0 0.81171875 0.6015625 0.23125 0.3625
0 0.28828125 0.6640625 0.159375 0.33046875
0 0.37890625 0.59609375 0.07734375 0.184375
0 0.4078125 0.55703125 0.05859375 0.13828125
0 0.56796875 0.546875 0.05234375 0.1546875
0 0.765625 0.53984375 0.203125 0.215625
0 0.42890625 0.52265625 0.0359375 0.10703125
0 0.4328125 0.51484375 0.04375 0.0828125
0 0.26640625 0.4984375 0.05078125 0.05625
0 0.58515625 0.53203125 0.05703125 0.1203125
0 0.6171875 0.51328125 0.059375 0.109375