2 0.86328125 0.68125 0.0734375 0.6078125
2 0.88515625 0.68359375 0.05859375 0.58359375
2 0.54140625 0.46484375 0.01640625 0.16484375
2 0.246875 0.53671875 0.03203125 0.32734375
2 0.43359375 0.52265625 0.02421875 0.2109375
2 0.46328125 0.51484375 0.025 0.22734375
2 0.70390625 0.56484375 0.04609375 0.3296875
2 0.40234375 0.4875 0.021875 0.2109375
2 0.396875 0.47734375 0.01953125 0.1921875
2 0.365625 0.4796875 0.02421875 0.2
2 0.36328125 0.4796875 0.02265625 0.20546875
2 0.4953125 0.4515625 0.01171875 0.14609375
2 0.53515625 0.46640625 0.01640625 0.14296875
0 0.11015625 0.49921875 0.2203125 0.9984375