0 0.696875 0.69453125 0.1859375 0.45625
0 0.10078125 0.73046875 0.2015625 0.471875
0 0.134375 0.64375 0.26796875 0.34140625
0 0.171875 0.59453125 0.2 0.328125
0 0.22109375 0.590625 0.1578125 0.19765625
0 0.2984375 0.571875 0.1328125 0.165625
0 0.32734375 0.56171875 0.11953125 0.15703125
0 0.334375 0.54375 0.09296875 0.14921875
0 0.3453125 0.53046875 0.1125 0.1359375
0 0.36875 0.525 0.07890625 0.10390625
0 0.39140625 0.4984375 0.06953125 0.10703125
1 0.46484375 0.49609375 0.00625 0.053125
0 0.56484375 0.55625 0.05 0.13046875
0 0.625 0.51875 0.08984375 0.12265625
0 0.575 0.50546875 0.05546875 0.0828125
0 0.51796875 0.5015625 0.0203125 0.05078125