0 0.496875 0.53984375 0.04765625 0.128125
0 0.17578125 0.7453125 0.26796875 0.47734375
0 0.31328125 0.5828125 0.115625 0.20546875
0 0.35 0.55859375 0.10703125 0.165625
0 0.3890625 0.528125 0.08359375 0.109375
0 0.4265625 0.48515625 0.06484375 0.11484375
0 0.78984375 0.7375 0.24375 0.4265625
0 0.6734375 0.5984375 0.12890625 0.2828125
2 0.578125 0.52421875 0.01015625 0.1203125
0 0.70546875 0.528125 0.10703125 0.1359375
0 0.0765625 0.64296875 0.153125 0.3078125
0 0.49296875 0.51171875 0.028125 0.08515625
0 0.159375 0.575 0.13046875 0.21328125
0 0.2390625 0.565625 0.09140625 0.15703125
0 0.83203125 0.50390625 0.16328125 0.2