0 0.50390625 0.5640625 0.053125 0.165625
0 0.90546875 0.71328125 0.18671875 0.56796875
0 0.64921875 0.575 0.10859375 0.19765625
0 0.596875 0.546875 0.0875 0.128125
0 0.1328125 0.68125 0.2109375 0.35234375
0 0.3625 0.546875 0.0609375 0.12265625
0 0.1015625 0.62109375 0.17265625 0.21328125
0 0.21796875 0.56640625 0.0875 0.1703125
0 0.4375 0.515625 0.03359375 0.0640625
0 0.3171875 0.5375 0.05859375 0.0984375
0 0.390625 0.52109375 0.04375 0.0640625
0 0.0296875 0.55078125 0.059375 0.1171875
0 0.5265625 0.49765625 0.02109375 0.04765625
0 0.23515625 0.5359375 0.07109375 0.09609375