0 0.94765625 0.5703125 0.10390625 0.1375
0 0.89453125 0.5625 0.103125 0.1328125
0 0.82578125 0.5625 0.09453125 0.14296875
0 0.50625 0.50703125 0.028125 0.08125
1 0.09140625 0.73125 0.1828125 0.5328125
2 0.6640625 0.60703125 0.04609375 0.3703125
2 0.69765625 0.609375 0.0484375 0.32421875
2 0.41640625 0.56640625 0.03828125 0.27265625
2 0.24609375 0.52578125 0.02734375 0.2109375
2 0.27578125 0.53515625 0.02734375 0.1921875
2 0.1828125 0.5125 0.021875 0.18671875
2 0.21015625 0.5125 0.0203125 0.18359375
2 0.240625 0.51484375 0.01875 0.1671875