0 0.96171875 0.553125 0.075 0.35703125
0 0.91328125 0.546875 0.171875 0.25859375
0 0.82734375 0.528125 0.134375 0.20234375
0 0.8984375 0.74765625 0.20234375 0.4984375
0 0.74453125 0.725 0.228125 0.43984375
0 0.1640625 0.73984375 0.32734375 0.51484375
0 0.321875 0.56015625 0.15390625 0.37578125
0 0.7734375 0.50703125 0.1109375 0.165625
0 0.70390625 0.48671875 0.11640625 0.1625
0 0.7 0.4796875 0.140625 0.15703125
0 0.3828125 0.55703125 0.08125 0.20546875
0 0.4109375 0.5203125 0.05859375 0.146875
0 0.52421875 0.434375 0.0703125 0.21875