2 0.24453125 0.69375 0.06015625 0.60703125
2 0.1921875 0.721875 0.16640625 0.55078125
2 0.5328125 0.54375 0.025 0.240625
2 0.38984375 0.52265625 0.01796875 0.16015625
2 0.37421875 0.52109375 0.01640625 0.15234375
2 0.51328125 0.509375 0.0171875 0.16328125
2 0.56328125 0.546875 0.021875 0.2328125
2 0.59453125 0.51328125 0.02265625 0.18984375
2 0.62265625 0.4921875 0.015625 0.165625
0 0.46015625 0.490625 0.0296875 0.07734375
2 0.2515625 0.56953125 0.0296875 0.2515625
2 0.5875 0.5375 0.015625 0.1921875