0 0.4765625 0.5453125 0.046875 0.128125
0 0.16015625 0.79453125 0.3203125 0.40546875
0 0.29921875 0.71171875 0.16875 0.4078125
0 0.36015625 0.625 0.0984375 0.23203125
0 0.2640625 0.60234375 0.1171875 0.1921875
0 0.43671875 0.51484375 0.0296875 0.071875
0 0.8296875 0.784375 0.3390625 0.4265625
0 0.65546875 0.653125 0.14609375 0.35703125
0 0.53203125 0.5359375 0.04140625 0.1015625
0 0.52734375 0.45234375 0.05 0.1890625
2 0.575 0.5015625 0.01015625 0.10390625
0 0.1625 0.5375 0.0828125 0.10390625
0 0.4765625 0.515625 0.0296875 0.08828125
0 0.03203125 0.5828125 0.06328125 0.1546875