0 0.946875 0.56640625 0.10546875 0.1375
0 0.89453125 0.56328125 0.1015625 0.1328125
0 0.82578125 0.5625 0.09453125 0.14296875
0 0.50625 0.5078125 0.028125 0.08125
1 0.409375 0.5375 0.0359375 0.178125
1 0.4390625 0.52421875 0.03984375 0.178125
1 0.409375 0.5 0.01484375 0.0890625
2 0.15703125 0.46640625 0.0125 0.12734375
2 0.14140625 0.51640625 0.03203125 0.21640625
1 0.86015625 0.62421875 0.15234375 0.51640625
2 0.21484375 0.49296875 0.0171875 0.14609375
2 0.18515625 0.48515625 0.0171875 0.14609375
2 0.48671875 0.6 0.04140625 0.3625
2 0.51796875 0.5796875 0.04140625 0.34296875
2 0.55859375 0.6 0.05078125 0.39453125
2 0.9625 0.69296875 0.0734375 0.6078125
2 0.96171875 0.6703125 0.075 0.5296875
2 0.746875 0.7 0.1 0.59453125
2 0.753125 0.68125 0.0875 0.55390625
2 0.77734375 0.6609375 0.06640625 0.46484375
2 0.553125 0.62421875 0.0546875 0.4296875