0 0.50625 0.575 0.06640625 0.2078125
0 0.7625 0.60546875 0.215625 0.509375
0 0.6421875 0.5546875 0.128125 0.19453125
0 0.575 0.50234375 0.06484375 0.090625
0 0.55234375 0.49609375 0.04375 0.06640625
0 0.54453125 0.4921875 0.04140625 0.053125
0 0.08359375 0.59296875 0.1671875 0.2453125
0 0.08515625 0.584375 0.1703125 0.77578125
0 0.2015625 0.56640625 0.1 0.1625
0 0.27734375 0.54765625 0.0625 0.1015625
0 0.3625 0.51328125 0.03828125 0.06640625
0 0.378125 0.5015625 0.028125 0.071875
0 0.4046875 0.49453125 0.0265625 0.05078125
0 0.43671875 0.490625 0.02578125 0.0375
0 0.953125 0.5453125 0.09140625 0.109375
0 0.12890625 0.546875 0.0765625 0.128125