0 0.496875 0.525 0.040625 0.125
0 0.28984375 0.575 0.0828125 0.14921875
0 0.71171875 0.59296875 0.175 0.28828125
0 0.621875 0.54296875 0.11484375 0.1625
0 0.6078125 0.53046875 0.09296875 0.1359375
0 0.59921875 0.5109375 0.07890625 0.128125
0 0.565625 0.4890625 0.0734375 0.1171875
0 0.55234375 0.49765625 0.05703125 0.075
0 0.32734375 0.509375 0.0453125 0.08828125
0 0.4375 0.4640625 0.0265625 0.0796875
0 0.3515625 0.50546875 0.034375 0.071875
0 0.40234375 0.4890625 0.021875 0.04296875
0 0.303125 0.5015625 0.028125 0.0640625
0 0.10078125 0.51328125 0.0328125 0.071875