0 0.8625 0.70546875 0.2734375 0.584375
0 0.13671875 0.6359375 0.2734375 0.434375
0 0.08203125 0.74375 0.1640625 0.5015625
0 0.71875 0.73984375 0.215625 0.45078125
0 0.16796875 0.61875 0.215625 0.33046875
0 0.234375 0.6203125 0.17421875 0.23984375
0 0.2578125 0.59609375 0.175 0.215625
0 0.3359375 0.565625 0.10859375 0.13359375
0 0.36484375 0.53984375 0.084375 0.13046875
0 0.5578125 0.56796875 0.046875 0.12265625
0 0.62421875 0.63984375 0.10703125 0.26171875
0 0.5359375 0.54140625 0.03203125 0.09296875