0 0.49609375 0.5625 0.06640625 0.196875
0 0.0984375 0.6390625 0.196875 0.2625
0 0.2484375 0.65859375 0.17421875 0.34296875
0 0.36953125 0.5546875 0.05859375 0.12734375
0 0.3046875 0.54140625 0.06328125 0.1171875
0 0.40546875 0.52421875 0.04296875 0.09609375
0 0.42578125 0.45859375 0.0515625 0.17578125
0 0.453125 0.45859375 0.021875 0.10078125
0 0.1234375 0.57421875 0.13203125 0.16484375
0 0.2125 0.5421875 0.07265625 0.1140625
0 0.3375 0.4984375 0.0359375 0.0828125
0 0.53203125 0.5 0.01640625 0.03984375