0 0.109375 0.71171875 0.21796875 0.3921875
0 0.16484375 0.65625 0.25703125 0.32265625
0 0.21640625 0.6109375 0.17734375 0.271875
0 0.2515625 0.5921875 0.19453125 0.2296875
0 0.2671875 0.56796875 0.1296875 0.18671875
0 0.30859375 0.5640625 0.1234375 0.15703125
0 0.31640625 0.54765625 0.12578125 0.14140625
0 0.34921875 0.5296875 0.09140625 0.125
0 0.3609375 0.51328125 0.09453125 0.14375
1 0.45625 0.5109375 0.00859375 0.06953125
0 0.63046875 0.63046875 0.10625 0.25625
0 0.70546875 0.5625 0.15 0.19453125
0 0.60078125 0.51328125 0.0734375 0.10703125
0 0.525 0.509375 0.025 0.06171875