0 0.13984375 0.75625 0.2796875 0.484375
0 0.89765625 0.44765625 0.20390625 0.25078125
0 0.96484375 0.4203125 0.06953125 0.14921875
0 0.365625 0.56953125 0.075 0.15703125
0 0.3015625 0.62265625 0.1328125 0.26171875
0 0.60390625 0.51484375 0.0578125 0.125
0 0.40078125 0.54140625 0.0515625 0.12265625
0 0.42578125 0.53046875 0.034375 0.090625
0 0.528125 0.51171875 0.03359375 0.08828125
0 0.6140625 0.509375 0.0890625 0.1015625
0 0.5625 0.5 0.040625 0.071875
0 0.55078125 0.46796875 0.0359375 0.04296875
0 0.48203125 0.4703125 0.0359375 0.034375
0 0.39375 0.47578125 0.03046875 0.034375