0 0.10625 0.6625 0.21171875 0.34140625
0 0.16953125 0.63359375 0.25859375 0.2796875
0 0.2125 0.59765625 0.20234375 0.2296875
0 0.8375 0.74375 0.32265625 0.50703125
0 0.5890625 0.5890625 0.0703125 0.1625
0 0.28671875 0.5828125 0.1390625 0.18671875
0 0.3125 0.565625 0.1140625 0.18671875
0 0.33828125 0.55078125 0.090625 0.14140625
0 0.6390625 0.54765625 0.096875 0.10390625
0 0.371875 0.50546875 0.07890625 0.1359375
0 0.52734375 0.49296875 0.0296875 0.10390625
0 0.40078125 0.5171875 0.0625 0.06953125
0 0.41640625 0.5109375 0.05546875 0.07734375
0 0.515625 0.48515625 0.02109375 0.0828125