0 0.496875 0.52421875 0.034375 0.109375
0 0.04140625 0.63046875 0.08203125 0.26640625
0 0.8484375 0.70234375 0.2296875 0.53046875
0 0.7484375 0.6203125 0.184375 0.32265625
0 0.6640625 0.58125 0.14140625 0.22109375
0 0.62421875 0.55234375 0.11328125 0.19453125
0 0.6109375 0.53984375 0.10390625 0.146875
0 0.59296875 0.525 0.08984375 0.1359375
0 0.578125 0.51171875 0.07265625 0.090625
0 0.4265625 0.50390625 0.0203125 0.04765625
0 0.54140625 0.49296875 0.04609375 0.05625
0 0.53203125 0.484375 0.0390625 0.05859375
0 0.4015625 0.49296875 0.0203125 0.04765625