0 0.49140625 0.553125 0.0484375 0.13046875
0 0.0546875 0.76171875 0.109375 0.471875
0 0.2265625 0.60703125 0.1359375 0.2453125
0 0.35546875 0.65078125 0.134375 0.271875
0 0.396875 0.58828125 0.0703125 0.19453125
0 0.340625 0.5453125 0.08203125 0.12265625
0 0.45078125 0.51171875 0.02265625 0.05859375
2 0.88671875 0.75234375 0.16484375 0.490625
0 0.77265625 0.75078125 0.3 0.49296875
0 0.640625 0.65234375 0.1359375 0.27734375
0 0.5875 0.5734375 0.071875 0.1890625
0 0.52890625 0.53046875 0.03125 0.0796875
0 0.5265625 0.465625 0.0390625 0.15703125
0 0.484375 0.52421875 0.03046875 0.090625
0 0.14765625 0.5375 0.08359375 0.109375