2 0.56484375 0.47578125 0.015625 0.1515625
2 0.23828125 0.5296875 0.0328125 0.32421875
2 0.559375 0.5890625 0.0546875 0.40234375
2 0.6171875 0.56484375 0.04765625 0.41875
2 0.5125 0.52734375 0.03125 0.29765625
2 0.48515625 0.53359375 0.0328125 0.30234375
2 0.565625 0.5203125 0.04921875 0.27265625
2 0.6 0.51328125 0.02421875 0.25703125
2 0.9859375 0.63125 0.02734375 0.21328125
2 0.39609375 0.5328125 0.028125 0.30234375
2 0.40859375 0.52734375 0.01953125 0.2515625
2 0.4390625 0.5125 0.02578125 0.278125
2 0.46796875 0.5296875 0.015625 0.2328125
2 0.45 0.5109375 0.02265625 0.24609375
2 0.3796875 0.4890625 0.01796875 0.19453125
2 0.43515625 0.48671875 0.015625 0.178125
0 0.11015625 0.49921875 0.2203125 0.9984375