0 0.853125 0.75625 0.2921875 0.4828125
0 0.76015625 0.6015625 0.14296875 0.42421875
0 0.47109375 0.4984375 0.0390625 0.14140625
0 0.75546875 0.45625 0.17890625 0.22421875
0 0.33125 0.53046875 0.0546875 0.10703125
0 0.2671875 0.51171875 0.0671875 0.146875
0 0.41171875 0.49296875 0.03046875 0.0828125
0 0.59609375 0.5 0.05546875 0.10390625
0 0.52265625 0.446875 0.02734375 0.09609375
0 0.6359375 0.5 0.0578125 0.109375
0 0.94296875 0.43359375 0.1125 0.1703125
0 0.48828125 0.43203125 0.028125 0.13359375
0 0.209375 0.56015625 0.1046875 0.0796875
0 0.15546875 0.54140625 0.084375 0.11171875
0 0.06328125 0.56171875 0.07734375 0.10390625
0 0.10390625 0.54296875 0.0640625 0.09609375
0 0.07421875 0.50234375 0.04140625 0.1015625