0 0.51328125 0.5640625 0.06484375 0.17578125
0 0.25625 0.5203125 0.06875 0.11484375
1 0.690625 0.53984375 0.0703125 0.1734375
0 0.5640625 0.4921875 0.04765625 0.1625
2 0.40390625 0.5171875 0.015625 0.1734375
0 0.3328125 0.490625 0.03828125 0.0828125
0 0.39453125 0.51875 0.07265625 0.109375
0 0.41328125 0.5109375 0.0671875 0.07734375
0 0.43046875 0.49609375 0.05 0.06953125
0 0.446875 0.4828125 0.03671875 0.04765625
0 0.48515625 0.5171875 0.0359375 0.10703125
0 0.3109375 0.49765625 0.0390625 0.06171875