0 0.04453125 0.74921875 0.08828125 0.48515625
0 0.115625 0.6890625 0.23125 0.3625
0 0.14296875 0.628125 0.26328125 0.2828125
0 0.24453125 0.58828125 0.1640625 0.21328125
0 0.271875 0.55859375 0.15625 0.2296875
1 0.42890625 0.54140625 0.0140625 0.10703125
0 0.9046875 0.7296875 0.18828125 0.5171875
0 0.86953125 0.6796875 0.26015625 0.3546875
0 0.77578125 0.63203125 0.19296875 0.25625
0 0.73046875 0.6 0.13671875 0.2109375
0 0.69140625 0.58515625 0.153125 0.1890625
0 0.65859375 0.5703125 0.1359375 0.14921875
0 0.64375 0.54921875 0.11015625 0.16015625
0 0.35546875 0.53984375 0.09375 0.1015625
0 0.3734375 0.54140625 0.07890625 0.09296875
0 0.5265625 0.534375 0.0328125 0.0828125
0 0.51171875 0.51171875 0.0203125 0.05625
0 0.496875 0.4828125 0.01171875 0.04765625