0 0.8671875 0.7296875 0.26328125 0.5359375
0 0.0484375 0.69609375 0.096875 0.60234375
0 0.096875 0.67890625 0.19375 0.3359375
0 0.20078125 0.63046875 0.21015625 0.25625
0 0.2609375 0.6015625 0.17578125 0.2265625
0 0.28359375 0.5796875 0.1296875 0.20546875
0 0.303125 0.5625 0.15078125 0.18125
0 0.30625 0.55234375 0.103125 0.14921875
0 0.3390625 0.54296875 0.10078125 0.13046875
0 0.3703125 0.528125 0.07890625 0.109375
0 0.3765625 0.50703125 0.08203125 0.125
1 0.4625 0.5015625 0.00703125 0.06171875
0 0.596875 0.58671875 0.0734375 0.184375
0 0.66640625 0.54296875 0.11953125 0.15703125
0 0.590625 0.5078125 0.06484375 0.09609375
0 0.5234375 0.509375 0.02265625 0.05625