0 0.95703125 0.6828125 0.084375 0.55703125
0 0.13359375 0.7640625 0.26640625 0.46640625
0 0.32578125 0.671875 0.13828125 0.30703125
0 0.38359375 0.60234375 0.09140625 0.20546875
0 0.6140625 0.58671875 0.075 0.22421875
0 0.89765625 0.6078125 0.20390625 0.3921875
0 0.42265625 0.53984375 0.046875 0.1359375
0 0.43046875 0.5359375 0.0515625 0.0984375
0 0.4 0.48671875 0.05078125 0.05859375
0 0.6234375 0.55078125 0.071875 0.16015625
0 0.6609375 0.52421875 0.0734375 0.14140625
0 0.825 0.49609375 0.08125 0.11484375
0 0.77890625 0.47578125 0.06875 0.07734375