0 0.5109375 0.57578125 0.05625 0.17578125
0 0.68515625 0.5828125 0.1421875 0.23984375
0 0.603125 0.54296875 0.07578125 0.128125
0 0.57421875 0.5296875 0.06484375 0.090625
0 0.25625 0.61328125 0.11171875 0.20234375
0 0.40078125 0.5375 0.040625 0.09296875
0 0.44609375 0.515625 0.02734375 0.0640625
0 0.25234375 0.57734375 0.08515625 0.13046875
0 0.3015625 0.5453125 0.0546875 0.1203125
0 0.484375 0.50390625 0.021875 0.03984375
0 0.3578125 0.53203125 0.04140625 0.07734375
0 0.41328125 0.5203125 0.03671875 0.053125
0 0.1265625 0.56640625 0.09296875 0.13359375
0 0.13046875 0.54140625 0.0890625 0.09296875
0 0.53046875 0.5015625 0.021875 0.04296875