0 0.5015625 0.53203125 0.04609375 0.14375
0 0.7546875 0.6453125 0.20234375 0.37578125
0 0.68984375 0.584375 0.15 0.253125
0 0.659375 0.53828125 0.1171875 0.20546875
0 0.5984375 0.50234375 0.10078125 0.16796875
0 0.5734375 0.50703125 0.07265625 0.0984375
0 0.546875 0.48828125 0.046875 0.0640625
0 0.2765625 0.5265625 0.0671875 0.1171875
0 0.41171875 0.4703125 0.0390625 0.1171875
0 0.31640625 0.5171875 0.04765625 0.09296875
0 0.3484375 0.51328125 0.0359375 0.0640625
0 0.3921875 0.49296875 0.028125 0.05078125
0 0.26015625 0.51484375 0.0390625 0.0796875
0 0.00625 0.525 0.01171875 0.090625