2 0.56875 0.478125 0.01484375 0.15703125
2 0.2390625 0.53125 0.03125 0.32421875
2 0.77578125 0.6921875 0.08203125 0.6109375
2 0.7578125 0.63125 0.065625 0.52421875
2 0.68671875 0.67421875 0.11484375 0.60234375
2 0.70703125 0.690625 0.07890625 0.61328125
2 0.47890625 0.5125 0.03203125 0.25703125
2 0.50859375 0.49609375 0.0328125 0.2671875
2 0.47265625 0.49296875 0.02734375 0.22421875
2 0.44609375 0.5 0.0296875 0.2328125
2 0.49921875 0.48671875 0.02890625 0.18671875
2 0.371875 0.5 0.0203125 0.23515625
2 0.3921875 0.4984375 0.01796875 0.2
2 0.40859375 0.48359375 0.02109375 0.22421875
2 0.43359375 0.50546875 0.01796875 0.18671875
0 0.11015625 0.49921875 0.2203125 0.9984375