0 0.4953125 0.55078125 0.04296875 0.1171875
0 0.26953125 0.62265625 0.16796875 0.26640625
0 0.31640625 0.58671875 0.12734375 0.21328125
0 0.36328125 0.55078125 0.090625 0.13359375
0 0.39375 0.49296875 0.1015625 0.18671875
2 0.65390625 0.58828125 0.03515625 0.23984375
0 0.91953125 0.6265625 0.159375 0.32265625
0 0.5265625 0.49453125 0.025 0.0796875
0 0.49140625 0.515625 0.0265625 0.0796875
0 0.41640625 0.5109375 0.0734375 0.10703125
0 0.1046875 0.53046875 0.1203125 0.15703125
0 0.18515625 0.528125 0.07109375 0.09609375
2 0.21015625 0.5015625 0.0140625 0.11484375
2 0.25 0.5015625 0.00859375 0.07734375
0 0.31953125 0.48515625 0.0546875 0.125