2 0.55859375 0.46875 0.01484375 0.15390625
2 0.225 0.53515625 0.03203125 0.3296875
2 0.80859375 0.68125 0.17890625 0.6328125
2 0.890625 0.65703125 0.18984375 0.68125
2 0.6375 0.6109375 0.06328125 0.44609375
2 0.578125 0.6078125 0.04765625 0.4328125
2 0.709375 0.6015625 0.053125 0.44609375
2 0.76640625 0.60703125 0.04296875 0.42734375
2 0.796875 0.55234375 0.0359375 0.2109375
2 0.42109375 0.59765625 0.0390625 0.41875
2 0.4484375 0.590625 0.02421875 0.3515625
2 0.48125 0.56875 0.03515625 0.38359375
2 0.5171875 0.58671875 0.028125 0.31328125
2 0.53203125 0.55234375 0.03125 0.3375
2 0.40234375 0.5109375 0.02421875 0.2484375
2 0.46796875 0.5109375 0.021875 0.22734375
2 0.496875 0.50703125 0.0234375 0.2484375
2 0.54140625 0.5 0.03359375 0.23515625
0 0.109375 0.49921875 0.21875 0.9984375