0 0.11015625 0.7203125 0.21953125 0.46171875
0 0.12890625 0.65234375 0.24296875 0.3625
0 0.18828125 0.61484375 0.25078125 0.290625
0 0.2203125 0.58125 0.16015625 0.22421875
0 0.275 0.58125 0.1484375 0.18671875
0 0.28828125 0.565625 0.146875 0.165625
0 0.33046875 0.5296875 0.10390625 0.14140625
0 0.34453125 0.51875 0.10546875 0.16015625
1 0.45078125 0.51484375 0.009375 0.07734375
0 0.675 0.684375 0.153125 0.346875
0 0.74609375 0.5796875 0.184375 0.234375
0 0.66875 0.56171875 0.11015625 0.15234375
0 0.61640625 0.534375 0.096875 0.10703125
0 0.61015625 0.52265625 0.08046875 0.1171875
0 0.38828125 0.5171875 0.07265625 0.0796875
0 0.4015625 0.5203125 0.0625 0.075
0 0.525 0.51171875 0.0265625 0.06640625