0 0.13125 0.7546875 0.2625 0.4875
0 0.90703125 0.75234375 0.184375 0.490625
0 0.97421875 0.49296875 0.05078125 0.35234375
0 0.90078125 0.52421875 0.19609375 0.4109375
0 0.275 0.665625 0.153125 0.325
0 0.35 0.59453125 0.09921875 0.2078125
0 0.81171875 0.5109375 0.0953125 0.17578125
0 0.73046875 0.52109375 0.0859375 0.14375
0 0.6953125 0.5109375 0.0734375 0.13046875
0 0.68046875 0.515625 0.07421875 0.11484375
0 0.66328125 0.50234375 0.07265625 0.10703125
0 0.56640625 0.55078125 0.05703125 0.146875
0 0.4140625 0.53828125 0.05078125 0.1203125
0 0.4296875 0.5078125 0.04375 0.125
0 0.60234375 0.4921875 0.05546875 0.0796875
0 0.5125 0.46015625 0.0390625 0.13828125