0 0.18671875 0.52109375 0.3734375 0.95234375
0 0.91640625 0.76953125 0.165625 0.45625
0 0.69375 0.60546875 0.2578125 0.34140625
0 0.3921875 0.5640625 0.10859375 0.2984375
0 0.090625 0.76953125 0.18125 0.4578125
2 0.85078125 0.52265625 0.0234375 0.2078125
2 0.60078125 0.51484375 0.0140625 0.13046875
0 0.5484375 0.5375 0.04140625 0.11484375
0 0.53359375 0.52265625 0.0359375 0.109375
2 0.48125 0.4921875 0.0078125 0.06171875
2 0.4859375 0.49453125 0.00625 0.05859375
0 0.44921875 0.49609375 0.015625 0.053125