0 0.4953125 0.528125 0.0359375 0.11484375
0 0.8875 0.74296875 0.22421875 0.509375
0 0.77578125 0.66171875 0.2265625 0.45625
0 0.7046875 0.60703125 0.1515625 0.26953125
0 0.65625 0.56953125 0.1359375 0.19453125
0 0.41484375 0.50546875 0.0234375 0.05078125
0 0.3265625 0.5625 0.0640625 0.128125
0 0.58828125 0.52265625 0.08515625 0.11484375
0 0.56171875 0.5109375 0.06640625 0.08515625
0 0.54140625 0.48671875 0.0515625 0.0796875
0 0.3703125 0.50234375 0.02890625 0.06171875
0 0.384375 0.4984375 0.02421875 0.053125
0 0.34765625 0.5 0.01875 0.04765625