0 0.49296875 0.53828125 0.0453125 0.12265625
0 0.22578125 0.65078125 0.18046875 0.3171875
0 0.30078125 0.5828125 0.14921875 0.28828125
0 0.3609375 0.55625 0.10703125 0.146875
0 0.37109375 0.53984375 0.09453125 0.128125
0 0.39765625 0.51484375 0.06640625 0.08828125
0 0.41484375 0.509375 0.05703125 0.0796875
0 0.62109375 0.53046875 0.1203125 0.32265625
0 0.54296875 0.5078125 0.02734375 0.06953125
0 0.5234375 0.475 0.0234375 0.0796875
0 0.4890625 0.509375 0.02890625 0.08515625
0 0.0578125 0.653125 0.115625 0.3015625
0 0.07421875 0.5546875 0.14375 0.15703125
0 0.24296875 0.51171875 0.09765625 0.215625
0 0.1734375 0.52265625 0.07890625 0.128125