2 0.0421875 0.50703125 0.03125 0.14921875
2 0.3984375 0.48125 0.01015625 0.0984375
0 0.37578125 0.46953125 0.04453125 0.11171875
0 0.40546875 0.475 0.04375 0.0828125
0 0.44921875 0.4734375 0.05234375 0.071875
0 0.56640625 0.4546875 0.0515625 0.09296875
0 0.58828125 0.4625 0.03828125 0.06171875
0 0.62109375 0.45859375 0.0421875 0.06640625
0 0.646875 0.465625 0.0484375 0.053125
0 0.66953125 0.4640625 0.03515625 0.053125
0 0.68984375 0.46640625 0.0390625 0.05078125
0 0.71171875 0.46171875 0.046875 0.053125
0 0.7484375 0.4453125 0.05 0.075
0 0.76796875 0.4546875 0.04453125 0.05078125
0 0.78515625 0.45625 0.03828125 0.0453125