0 0.45703125 0.54140625 0.03828125 0.1015625
0 0.15 0.78125 0.3 0.43203125
0 0.0890625 0.73046875 0.178125 0.46953125
0 0.33125 0.646875 0.06953125 0.19453125
0 0.39921875 0.56171875 0.028125 0.109375
0 0.2796875 0.5796875 0.12265625 0.15703125
0 0.321875 0.55625 0.08984375 0.14375
0 0.3609375 0.53984375 0.07734375 0.0984375
0 0.3828125 0.5359375 0.05703125 0.08828125
0 0.39453125 0.50703125 0.059375 0.09609375
0 0.60703125 0.63203125 0.11171875 0.26953125
0 0.575 0.590625 0.0640625 0.1734375
0 0.54609375 0.56015625 0.05703125 0.13828125
0 0.52421875 0.46171875 0.05625 0.24296875
0 0.184375 0.55078125 0.07265625 0.10703125
0 0.4671875 0.52265625 0.02890625 0.0828125