0 0.47890625 0.5453125 0.046875 0.125
0 0.18828125 0.76015625 0.32265625 0.475
0 0.32734375 0.66640625 0.13671875 0.30703125
0 0.2171875 0.63046875 0.140625 0.24296875
0 0.32734375 0.54765625 0.08671875 0.125
0 0.34765625 0.53359375 0.08046875 0.12265625
0 0.37265625 0.52265625 0.0578125 0.0828125
0 0.43828125 0.515625 0.03359375 0.0796875
0 0.39765625 0.50234375 0.05546875 0.071875
0 0.75078125 0.7265625 0.24765625 0.54140625
0 0.54375 0.5375 0.046875 0.11484375
0 0.53671875 0.44921875 0.05390625 0.2078125
2 0.58984375 0.50546875 0.00859375 0.1171875
0 0.13046875 0.55078125 0.0984375 0.1171875
0 0.4828125 0.51484375 0.02890625 0.08828125