0 0.46796875 0.52109375 0.0328125 0.0984375
0 0.128125 0.74765625 0.25625 0.5
0 0.28359375 0.65 0.13359375 0.27890625
0 0.09921875 0.6453125 0.1984375 0.28125
0 0.0515625 0.5984375 0.103125 0.19375
0 0.215625 0.5734375 0.096875 0.16484375
0 0.309375 0.50234375 0.07734375 0.2078125
0 0.18671875 0.5546875 0.084375 0.12265625
0 0.33984375 0.5265625 0.0421875 0.0875
0 0.4171875 0.49765625 0.034375 0.1140625
0 0.39375 0.49453125 0.059375 0.196875
0 0.43203125 0.45859375 0.02578125 0.12734375
0 0.2609375 0.525 0.05 0.09296875