0 0.496875 0.53203125 0.04296875 0.11484375
0 0.19921875 0.64375 0.15078125 0.2828125
0 0.2625 0.58828125 0.13984375 0.2375
0 0.33046875 0.546875 0.09453125 0.13046875
0 0.43046875 0.553125 0.053125 0.128125
0 0.446875 0.53203125 0.04375 0.11171875
0 0.38515625 0.51328125 0.07421875 0.0984375
0 0.6265625 0.615625 0.10625 0.24296875
0 0.58984375 0.4453125 0.09609375 0.34140625
2 0.66328125 0.54296875 0.01796875 0.2
0 0.5375 0.50546875 0.0296875 0.0796875
0 0.5203125 0.45078125 0.03046875 0.128125
0 0.49140625 0.50703125 0.028125 0.08515625
0 0.19765625 0.525 0.06875 0.1015625