0 0.52421875 0.6265625 0.09375 0.29296875
0 0.63359375 0.54140625 0.10234375 0.15703125
0 0.5859375 0.52421875 0.06015625 0.0984375
0 0.56640625 0.515625 0.0546875 0.075
0 0.28203125 0.59296875 0.08671875 0.165625
0 0.09375 0.6375 0.16484375 0.2109375
0 0.43046875 0.51328125 0.02890625 0.0640625
0 0.471875 0.4984375 0.021875 0.05078125
0 0.31015625 0.5453125 0.06015625 0.0984375
0 0.340625 0.525 0.0421875 0.0984375
0 0.38359375 0.51484375 0.03515625 0.06640625
0 0.42890625 0.5109375 0.03203125 0.04765625
0 0.21484375 0.53984375 0.06328125 0.1015625
0 0.20390625 0.52421875 0.06875 0.075