0 0.2984375 0.6578125 0.1703125 0.34609375
1 0.95 0.45546875 0.0765625 0.20234375
2 0.49453125 0.52265625 0.03125 0.2109375
1 0.7203125 0.46640625 0.0390625 0.11640625
2 0.33671875 0.5421875 0.028125 0.240625
1 0.734375 0.46640625 0.0234375 0.13515625
2 0.14765625 0.5671875 0.02265625 0.17578125
2 0.13125 0.57421875 0.0234375 0.1703125
1 0.27421875 0.5625 0.07265625 0.21875
2 0.15234375 0.56875 0.03046875 0.178125
2 0.11796875 0.578125 0.0359375 0.22421875
2 0.2328125 0.55 0.02109375 0.21875
0 0.98515625 0.41328125 0.028125 0.11640625
0 0.93125 0.4515625 0.1171875 0.1