0 0.9875 0.63203125 0.0234375 0.73046875
0 0.26875 0.6453125 0.1375 0.290625
0 0.18125 0.74296875 0.3625 0.509375
0 0.7859375 0.45625 0.1546875 0.184375
0 0.8765625 0.44140625 0.07734375 0.1203125
0 0.97578125 0.4171875 0.04765625 0.13828125
0 0.91875 0.44296875 0.08671875 0.109375
0 0.378125 0.55703125 0.05625 0.12265625
0 0.34140625 0.590625 0.0859375 0.184375
0 0.5703125 0.51875 0.04453125 0.1015625
0 0.40078125 0.54296875 0.04140625 0.10390625
0 0.509375 0.52265625 0.02890625 0.07734375
0 0.58046875 0.50546875 0.07421875 0.08515625
0 0.4984375 0.48515625 0.03359375 0.04296875