0 0.0578125 0.75078125 0.11484375 0.49296875
0 0.09609375 0.6828125 0.19140625 0.40546875
0 0.6296875 0.634375 0.1109375 0.2453125
0 0.1671875 0.63828125 0.23203125 0.2984375
0 0.22421875 0.59609375 0.17734375 0.275
0 0.28125 0.5625 0.1265625 0.1890625
0 0.67578125 0.56953125 0.12734375 0.1359375
0 0.60859375 0.52421875 0.08984375 0.11484375
0 0.34140625 0.49609375 0.09765625 0.16796875
0 0.52734375 0.48671875 0.034375 0.1203125
0 0.3796875 0.51484375 0.0734375 0.0796875
0 0.4 0.5015625 0.06328125 0.08828125
0 0.5125 0.47890625 0.0234375 0.090625