0 0.575 0.55859375 0.06484375 0.165625
0 0.0984375 0.80390625 0.19609375 0.38671875
0 0.8609375 0.55078125 0.25234375 0.234375
0 0.7890625 0.49765625 0.18671875 0.24296875
0 0.3125 0.60390625 0.05859375 0.1015625
0 0.3453125 0.56171875 0.0609375 0.14140625
0 0.221875 0.65078125 0.134375 0.2453125
0 0.703125 0.50390625 0.128125 0.14921875
0 0.390625 0.53359375 0.0375 0.08828125
0 0.94453125 0.45234375 0.10859375 0.12265625
0 0.90390625 0.44140625 0.11015625 0.0984375
0 0.9921875 0.43359375 0.0140625 0.1734375