2 0.234375 0.5125 0.02265625 0.18125
2 0.315625 0.49453125 0.015625 0.11875
2 0.115625 0.521875 0.02578125 0.2328125
2 0.2171875 0.47578125 0.01328125 0.11875
0 0.4625 0.50390625 0.03125 0.07578125
0 0.82890625 0.55390625 0.08828125 0.1296875
0 0.89453125 0.5578125 0.09921875 0.12421875
0 0.94765625 0.559375 0.103125 0.12734375
2 0.103125 0.52421875 0.03203125 0.21640625
2 0.25234375 0.478125 0.01484375 0.1296875
2 0.23515625 0.48515625 0.021875 0.11328125
2 0.1546875 0.52265625 0.0203125 0.20234375
2 0.11796875 0.509375 0.01953125 0.2078125
2 0.9140625 0.721875 0.1109375 0.5515625
1 0.4140625 0.4890625 0.01015625 0.08125
2 0.10625 0.51484375 0.01796875 0.17578125
2 0.07734375 0.509375 0.02890625 0.19765625
0 0.50625 0.50234375 0.0296875 0.07578125
2 0.18671875 0.47265625 0.01015625 0.11875
2 0.9796875 0.5375 0.01171875 0.09765625