0 0.92734375 0.628125 0.14375 0.73828125
0 0.28515625 0.6203125 0.11953125 0.25859375
0 0.25625 0.73828125 0.28203125 0.5171875
0 0.765625 0.45703125 0.14296875 0.1734375
0 0.85546875 0.44296875 0.07109375 0.11484375
0 0.9640625 0.42109375 0.0703125 0.1359375
0 0.8953125 0.44375 0.08046875 0.10390625
0 0.3796875 0.55078125 0.053125 0.11484375
0 0.346875 0.57734375 0.0796875 0.1703125
0 0.56328125 0.5078125 0.0421875 0.0984375
0 0.40078125 0.53203125 0.0390625 0.0984375
0 0.50546875 0.51484375 0.02890625 0.075
0 0.5734375 0.50546875 0.07109375 0.0828125
0 0.4875 0.4796875 0.0328125 0.04296875