0 0.13125 0.53828125 0.2625 0.8234375
0 0.84609375 0.77578125 0.30703125 0.44296875
0 0.896875 0.734375 0.20546875 0.3734375
0 0.7796875 0.646875 0.240625 0.2453125
0 0.24453125 0.6078125 0.1859375 0.215625
0 0.52578125 0.54375 0.0234375 0.06171875
0 0.4046875 0.54140625 0.0640625 0.0796875
0 0.60234375 0.55859375 0.07578125 0.09609375
0 0.346875 0.56953125 0.1109375 0.1359375
0 0.29765625 0.5984375 0.15234375 0.18125
0 0.66171875 0.57734375 0.10234375 0.14140625
0 0.6828125 0.59296875 0.11484375 0.14375