2 0.31171875 0.71015625 0.0765625 0.575
2 0.321875 0.721875 0.053125 0.5453125
2 0.21328125 0.73125 0.05703125 0.5265625
2 0.153125 0.66953125 0.0609375 0.409375
2 0.37265625 0.63203125 0.0375 0.40390625
2 0.21953125 0.6859375 0.046875 0.41171875
2 0.3203125 0.640625 0.0578125 0.3875
0 0.321875 0.59765625 0.10546875 0.23828125
1 0.39921875 0.52421875 0.021875 0.16015625
2 0.5390625 0.5109375 0.01796875 0.15234375
2 0.4390625 0.51640625 0.01015625 0.1203125
2 0.4484375 0.51484375 0.0109375 0.12578125