0 0.56953125 0.5546875 0.0703125 0.184375
0 0.24296875 0.58828125 0.1609375 0.20234375
0 0.27578125 0.57734375 0.1671875 0.17890625
0 0.30625 0.571875 0.1265625 0.15234375
0 0.35234375 0.5296875 0.10546875 0.14375
0 0.340625 0.5453125 0.0859375 0.13359375
0 0.540625 0.534375 0.03671875 0.1015625
2 0.03125 0.55859375 0.02578125 0.234375
0 0.18359375 0.71875 0.1375 0.25625
0 0.0859375 0.78828125 0.15078125 0.41875
0 0.2265625 0.65234375 0.11640625 0.2375
0 0.26015625 0.63984375 0.090625 0.20234375
0 0.03828125 0.7546875 0.0765625 0.43125
0 0.79921875 0.81328125 0.25625 0.36796875