2 0.78125 0.54765625 0.0453125 0.3546875
1 0.1578125 0.74140625 0.153125 0.51171875
1 0.325 0.5984375 0.046875 0.29609375
0 0.66484375 0.6359375 0.153125 0.3625
0 0.5953125 0.55703125 0.08984375 0.25625
0 0.5671875 0.5265625 0.06328125 0.1921875
0 0.5515625 0.51875 0.04375 0.13046875
2 0.5140625 0.47578125 0.01171875 0.090625
2 0.51953125 0.47890625 0.009375 0.08828125
0 0.4375 0.4796875 0.021875 0.071875
2 0.47890625 0.47578125 0.0078125 0.06171875
0 0.38515625 0.52421875 0.04296875 0.10390625
0 0.10390625 0.76953125 0.2078125 0.45625
0 0.22578125 0.66015625 0.16171875 0.30703125
0 0.30546875 0.590625 0.1 0.2078125
0 0.3484375 0.5453125 0.06796875 0.1546875