0 0.50546875 0.54140625 0.05 0.1359375
0 0.1484375 0.7359375 0.228125 0.50390625
0 0.35625 0.565625 0.125 0.17578125
0 0.390625 0.52421875 0.07421875 0.1203125
0 0.40625 0.51484375 0.07265625 0.10390625
0 0.425 0.49765625 0.059375 0.07734375
0 0.44921875 0.46640625 0.053125 0.090625
0 0.86015625 0.728125 0.27890625 0.53828125
2 0.70625 0.684375 0.053125 0.40546875
0 0.69453125 0.62421875 0.13359375 0.25625
0 0.63125 0.5734375 0.08125 0.165625
0 0.603125 0.525 0.06484375 0.15703125
2 0.5578125 0.5015625 0.01171875 0.08828125
0 0.18046875 0.57890625 0.15546875 0.2078125
0 0.26484375 0.54140625 0.09140625 0.146875
0 0.503125 0.4984375 0.02890625 0.08828125
0 0.0734375 0.6375 0.146875 0.3015625
0 0.30078125 0.5203125 0.059375 0.12265625
0 0.75234375 0.48671875 0.11484375 0.146875
0 0.096875 0.54140625 0.10859375 0.15703125