0 0.3625 0.5828125 0.1 0.21875
1 0.8296875 0.4671875 0.0703125 0.1890625
1 0.76015625 0.46484375 0.05234375 0.15703125
2 0.4546875 0.51484375 0.0203125 0.159375
1 0.6140625 0.478125 0.03359375 0.10234375
2 0.33828125 0.52265625 0.0171875 0.178125
1 0.69296875 0.47265625 0.021875 0.1109375
2 0.19453125 0.5484375 0.01796875 0.1375
2 0.1890625 0.55234375 0.01953125 0.1328125
1 0.26484375 0.54609375 0.06015625 0.17578125
2 0.25859375 0.5421875 0.01875 0.1375
2 0.24296875 0.55234375 0.03046875 0.1671875
2 0.32578125 0.5203125 0.01875 0.1703125
0 0.946875 0.4375 0.10546875 0.10234375
0 0.85625 0.46484375 0.09453125 0.08359375