2 0.99453125 0.64375 0.009375 0.70703125
1 0.26015625 0.57890625 0.05859375 0.29609375
1 0.28828125 0.55625 0.0484375 0.234375
0 0.41796875 0.4890625 0.075 0.18671875
2 0.02109375 0.615625 0.0421875 0.2125
2 0.0515625 0.60390625 0.06640625 0.19453125
2 0.04609375 0.584375 0.0296875 0.26171875
2 0.86796875 0.7921875 0.09375 0.4109375
2 0.91640625 0.79296875 0.09765625 0.4078125
2 0.1953125 0.565625 0.03671875 0.14375
1 0.5125 0.5203125 0.03359375 0.13046875
2 0.759375 0.52265625 0.01875 0.165625
2 0.6625 0.52265625 0.03203125 0.109375
2 0.65625 0.52265625 0.03359375 0.09609375
0 0.35234375 0.50546875 0.0625 0.071875