0 0.48359375 0.53046875 0.0421875 0.10703125
0 0.2171875 0.61328125 0.1453125 0.23203125
0 0.378125 0.62421875 0.1015625 0.234375
0 0.4125 0.5703125 0.06953125 0.1734375
0 0.334375 0.53046875 0.1 0.13828125
0 0.84296875 0.77734375 0.31328125 0.43984375
0 0.653125 0.44921875 0.19140625 0.62421875
2 0.78125 0.63828125 0.06171875 0.4109375
0 0.5421875 0.5265625 0.0421875 0.109375
0 0.525 0.515625 0.0296875 0.07734375
0 0.51796875 0.45625 0.03515625 0.1546875
0 0.228125 0.51875 0.06015625 0.08828125
0 0.47265625 0.51328125 0.02734375 0.0828125
0 0.05078125 0.5453125 0.1015625 0.16015625