0 0.8609375 0.71875 0.27578125 0.55703125
0 0.43359375 0.60390625 0.13046875 0.26171875
0 0.75078125 0.73359375 0.1921875 0.47734375
0 0.69609375 0.6015625 0.11171875 0.290625
0 0.95546875 0.475 0.08671875 0.19765625
0 0.903125 0.4640625 0.1390625 0.22421875
0 0.81015625 0.4828125 0.11953125 0.19765625
0 0.49296875 0.5109375 0.05078125 0.11171875
0 0.7484375 0.47578125 0.0671875 0.0984375
0 0.63046875 0.4921875 0.03359375 0.0984375
0 0.52421875 0.4921875 0.034375 0.0828125
0 0.6 0.4375 0.0359375 0.1171875