0 0.83671875 0.771875 0.32421875 0.45078125
0 0.040625 0.7203125 0.08046875 0.5546875
0 0.121875 0.653125 0.24296875 0.34921875
0 0.78984375 0.62265625 0.2203125 0.22421875
0 0.73984375 0.58515625 0.15703125 0.21875
0 0.65234375 0.53203125 0.12421875 0.15703125
0 0.29765625 0.59609375 0.08515625 0.1359375
0 0.28203125 0.52109375 0.14140625 0.2375
0 0.53828125 0.49453125 0.0453125 0.15234375
0 0.35234375 0.5265625 0.0953125 0.10390625
0 0.38046875 0.5109375 0.07890625 0.109375
0 0.51796875 0.47578125 0.02734375 0.10703125
0 0.43125 0.47890625 0.04921875 0.0796875