0 0.4765625 0.51328125 0.01875 0.05078125
0 0.11171875 0.7515625 0.2234375 0.49375
0 0.0390625 0.61796875 0.078125 0.34609375
0 0.59765625 0.625 0.12109375 0.27890625
0 0.28828125 0.60390625 0.0984375 0.19453125
0 0.19453125 0.55546875 0.11953125 0.2078125
0 0.3421875 0.56640625 0.06015625 0.1328125
0 0.453125 0.5375 0.0359375 0.11171875
0 0.284375 0.5421875 0.0578125 0.10390625
0 0.3859375 0.525 0.0265625 0.06953125
0 0.3140625 0.51328125 0.04375 0.10390625
0 0.39375 0.51484375 0.021875 0.05546875
0 0.40546875 0.49296875 0.01796875 0.07734375
0 0.440625 0.490625 0.02421875 0.09609375