0 0.48515625 0.5359375 0.04609375 0.12265625
0 0.2015625 0.6921875 0.2125 0.384375
0 0.25859375 0.615625 0.171875 0.271875
0 0.3421875 0.5546875 0.1 0.146875
0 0.38203125 0.5265625 0.08125 0.1171875
0 0.42890625 0.50390625 0.05703125 0.07734375
0 0.8296875 0.5 0.3390625 0.99453125
0 0.6859375 0.6375 0.1515625 0.290625
0 0.56015625 0.534375 0.04296875 0.0984375
0 0.53046875 0.48671875 0.02890625 0.0984375
0 0.48984375 0.51484375 0.0296875 0.090625
0 0.0546875 0.56640625 0.109375 0.43984375
0 0.08046875 0.54921875 0.09921875 0.128125
0 0.21171875 0.5203125 0.06484375 0.08828125