0 0.06171875 0.753125 0.1234375 0.490625
0 0.103125 0.68515625 0.20625 0.3859375
0 0.18671875 0.609375 0.20859375 0.2640625
0 0.22734375 0.55078125 0.1890625 0.271875
1 0.4171875 0.53828125 0.0171875 0.125
0 0.915625 0.75078125 0.16640625 0.49296875
0 0.86171875 0.65703125 0.26640625 0.3359375
0 0.78359375 0.615625 0.175 0.2640625
0 0.728125 0.59609375 0.1859375 0.2296875
0 0.6828125 0.57734375 0.1609375 0.1734375
0 0.66328125 0.54765625 0.128125 0.184375
0 0.33828125 0.534375 0.1046875 0.11171875
0 0.359375 0.5296875 0.0875 0.1015625
0 0.52734375 0.52265625 0.0359375 0.08828125
0 0.51015625 0.5015625 0.021875 0.06171875
0 0.49453125 0.475 0.0125 0.05078125