0 0.384375 0.55 0.078125 0.178125
1 0.75078125 0.46640625 0.05546875 0.159375
1 0.690625 0.46640625 0.0453125 0.1375
2 0.44296875 0.50703125 0.02265625 0.140625
1 0.57109375 0.47578125 0.03125 0.09453125
2 0.346875 0.5109375 0.0171875 0.15390625
2 0.21953125 0.53671875 0.02578125 0.121875
2 0.2125 0.5421875 0.02578125 0.11875
1 0.26640625 0.5390625 0.053125 0.15703125
2 0.2953125 0.521875 0.01640625 0.121875
2 0.2890625 0.528125 0.01875 0.14609375
2 0.35546875 0.5125 0.01171875 0.1515625
0 0.90390625 0.4390625 0.0953125 0.0921875