0 0.0515625 0.73515625 0.103125 0.5265625
0 0.10234375 0.62265625 0.2046875 0.48515625
1 0.3703125 0.5828125 0.03125 0.20234375
0 0.96171875 0.753125 0.07578125 0.48828125
0 0.87421875 0.71875 0.25078125 0.45625
0 0.8 0.64921875 0.27734375 0.2984375
0 0.75 0.5890625 0.20390625 0.28515625
0 0.28046875 0.5640625 0.14296875 0.15234375
0 0.31328125 0.55078125 0.11640625 0.13359375
0 0.53203125 0.54140625 0.046875 0.11484375
0 0.37578125 0.51328125 0.0625 0.0828125
0 0.509375 0.5078125 0.025 0.06953125
0 0.490625 0.471875 0.0140625 0.053125