0 0.49140625 0.53046875 0.04453125 0.1203125
0 0.14296875 0.7734375 0.2859375 0.44765625
0 0.0890625 0.728125 0.178125 0.4109375
0 0.275 0.5828125 0.11953125 0.1921875
0 0.31015625 0.55625 0.109375 0.17578125
0 0.353125 0.534375 0.0796875 0.10703125
0 0.43828125 0.5359375 0.04375 0.10390625
0 0.3953125 0.50703125 0.06640625 0.08515625
0 0.58671875 0.56640625 0.071875 0.1703125
0 0.56875 0.44296875 0.07265625 0.275
2 0.63359375 0.51484375 0.01953125 0.16015625
0 0.04140625 0.57578125 0.08203125 0.16015625
0 0.49140625 0.50546875 0.028125 0.08515625
0 0.2234375 0.51875 0.059375 0.09296875