2 0.9328125 0.6671875 0.13359375 0.66015625
2 0.57421875 0.6734375 0.053125 0.4625
2 0.10546875 0.68828125 0.2109375 0.61796875
1 0.234375 0.72421875 0.1984375 0.5453125
2 0.77890625 0.5390625 0.03359375 0.39609375
2 0.79921875 0.55859375 0.04765625 0.34453125
2 0.26484375 0.7484375 0.071875 0.34453125
2 0.34296875 0.61875 0.05 0.18203125
2 0.4078125 0.54375 0.015625 0.17109375
2 0.3921875 0.55078125 0.015625 0.16015625
2 0.46171875 0.5453125 0.01640625 0.17109375
2 0.47265625 0.5203125 0.01328125 0.13125
2 0.4890625 0.53984375 0.01484375 0.165625
2 0.4109375 0.5375 0.01640625 0.16328125