0 0.49609375 0.5375 0.0484375 0.13046875
0 0.09765625 0.75625 0.19453125 0.4828125
0 0.25546875 0.56640625 0.12265625 0.21328125
0 0.37578125 0.61328125 0.1140625 0.2296875
0 0.40859375 0.56015625 0.0625 0.1734375
0 0.35234375 0.52421875 0.07734375 0.11171875
0 0.81875 0.49921875 0.00625 0.9984375
2 0.79296875 0.74140625 0.07890625 0.51171875
0 0.715625 0.71328125 0.21953125 0.4453125
0 0.62421875 0.61328125 0.115625 0.234375
0 0.5828125 0.53984375 0.06484375 0.1734375
0 0.53046875 0.509375 0.0296875 0.075
0 0.528125 0.4453125 0.0375 0.15234375
0 0.03203125 0.56015625 0.06328125 0.41875
0 0.4890625 0.5078125 0.03046875 0.09296875
0 0.1703125 0.51875 0.0765625 0.10390625