0 0.053125 0.73828125 0.10546875 0.5171875
0 0.6546875 0.65859375 0.1359375 0.29609375
0 0.11953125 0.665625 0.2390625 0.36796875
0 0.17265625 0.6171875 0.215625 0.328125
0 0.25390625 0.565625 0.14609375 0.21328125
0 0.69453125 0.58125 0.14140625 0.14921875
0 0.61640625 0.51875 0.096875 0.12265625
0 0.32890625 0.49765625 0.10625 0.18125
0 0.52890625 0.47734375 0.03671875 0.125
0 0.3734375 0.50703125 0.078125 0.08515625
0 0.39453125 0.49453125 0.0671875 0.090625
0 0.5125 0.46796875 0.02421875 0.09296875
0 0.43359375 0.46953125 0.0453125 0.071875