0 0.5015625 0.5640625 0.05703125 0.1546875
0 0.0453125 0.57734375 0.090625 0.24765625
0 0.66953125 0.58125 0.1453125 0.41328125
2 0.1890625 0.690625 0.06640625 0.61328125
0 0.16484375 0.52421875 0.11015625 0.184375
0 0.3 0.5796875 0.13671875 0.24296875
0 0.33125 0.565625 0.121875 0.1703125
0 0.3609375 0.55078125 0.11171875 0.14375
0 0.40234375 0.53203125 0.0703125 0.109375
0 0.43203125 0.50703125 0.0515625 0.06953125
0 0.58828125 0.55078125 0.0578125 0.128125
0 0.56875 0.515625 0.0453125 0.11484375
2 0.5484375 0.515625 0.01015625 0.0984375
0 0.490625 0.525 0.0328125 0.0984375
0 0.234375 0.509375 0.06796875 0.09296875