0 0.49921875 0.53046875 0.0484375 0.13046875
0 0.125 0.6984375 0.23359375 0.4
0 0.2296875 0.634375 0.16796875 0.26640625
0 0.31484375 0.54765625 0.09375 0.16015625
0 0.409375 0.571875 0.07734375 0.16015625
0 0.3765625 0.51484375 0.06484375 0.09609375
0 0.815625 0.49921875 0.365625 0.9984375
2 0.6625 0.62109375 0.03203125 0.3015625
0 0.63203125 0.59296875 0.11953125 0.25859375
0 0.590625 0.55625 0.078125 0.1625
0 0.56640625 0.51171875 0.05078125 0.1359375
0 0.5296875 0.4984375 0.0265625 0.06640625
0 0.0953125 0.55625 0.190625 0.365625
0 0.49296875 0.50234375 0.03046875 0.09296875
0 0.2203125 0.5109375 0.06015625 0.08828125