0 0.47890625 0.5171875 0.02734375 0.0828125
0 0.0328125 0.68359375 0.065625 0.321875
0 0.13828125 0.61328125 0.16875 0.2578125
0 0.2484375 0.71171875 0.10625 0.21796875
0 0.3046875 0.62734375 0.12265625 0.24453125
0 0.26875 0.56640625 0.07734375 0.11953125
0 0.38125 0.5515625 0.05390625 0.12265625
0 0.3375 0.53203125 0.04453125 0.10078125
0 0.40390625 0.52890625 0.03671875 0.08515625
0 0.42421875 0.525 0.02578125 0.0640625
0 0.4390625 0.490625 0.0203125 0.07421875
0 0.2484375 0.528125 0.0703125 0.1359375