0 0.50078125 0.565625 0.053125 0.146875
0 0.83515625 0.63203125 0.328125 0.73046875
0 0.0625 0.5625 0.125 0.26953125
0 0.19296875 0.67890625 0.20625 0.43203125
0 0.2671875 0.62421875 0.16953125 0.2640625
0 0.31953125 0.5984375 0.14765625 0.20546875
0 0.38515625 0.553125 0.0859375 0.14140625
0 0.42734375 0.5171875 0.05859375 0.0796875
0 0.62578125 0.58671875 0.08515625 0.17578125
0 0.5890625 0.53828125 0.0578125 0.14140625
2 0.55625 0.53359375 0.01484375 0.1203125
0 0.49609375 0.52421875 0.03125 0.09296875
0 0.18515625 0.52109375 0.0859375 0.11171875
0 0.66328125 0.48125 0.071875 0.09296875