0 0.51875 0.62265625 0.09921875 0.309375
0 0.7875 0.67734375 0.21953125 0.45078125
0 0.603125 0.5171875 0.08359375 0.12265625
0 0.5703125 0.50390625 0.05234375 0.0828125
0 0.5546875 0.49609375 0.0484375 0.0640625
0 0.06328125 0.62265625 0.1265625 0.271875
0 0.1921875 0.58125 0.10390625 0.146875
0 0.3328125 0.52265625 0.05 0.0828125
0 0.35703125 0.5078125 0.034375 0.08515625
0 0.39296875 0.4984375 0.03125 0.05859375
0 0.43125 0.4921875 0.02890625 0.04296875
0 0.253125 0.5171875 0.053125 0.08515625