0 0.50078125 0.53359375 0.0453125 0.14140625
0 0.73046875 0.628125 0.18828125 0.33359375
0 0.678125 0.57578125 0.14140625 0.234375
0 0.65078125 0.5375 0.11171875 0.19453125
0 0.59453125 0.50234375 0.096875 0.1625
0 0.5703125 0.5078125 0.07109375 0.09609375
0 0.5453125 0.4890625 0.04609375 0.06171875
0 0.2828125 0.525 0.06328125 0.11484375
0 0.41484375 0.4734375 0.03671875 0.11171875
0 0.32109375 0.51875 0.04609375 0.090625
0 0.35078125 0.51484375 0.034375 0.06171875
0 0.39296875 0.49453125 0.02734375 0.04765625
0 0.26640625 0.515625 0.0375 0.07734375
0 0.0125 0.52421875 0.025 0.090625