0 0.1390625 0.76796875 0.278125 0.45859375
0 0.325 0.6796875 0.13984375 0.33828125
0 0.3953125 0.52421875 0.08203125 0.26953125
0 0.04375 0.7984375 0.08671875 0.39765625
0 0.76171875 0.625 0.32421875 0.40234375
0 0.6578125 0.5734375 0.19453125 0.21875
0 0.24375 0.65703125 0.12734375 0.26171875
0 0.57265625 0.52265625 0.11015625 0.15234375
0 0.43671875 0.5109375 0.046875 0.1359375
0 0.97109375 0.746875 0.05546875 0.5015625
0 0.52109375 0.5109375 0.02734375 0.0796875
2 0.46171875 0.48671875 0.00625 0.05078125
2 0.46484375 0.48515625 0.00546875 0.04765625