0 0.46328125 0.5375 0.0375 0.1015625
0 0.1625 0.790625 0.325 0.41328125
0 0.31484375 0.71484375 0.1796875 0.41328125
0 0.2375 0.59765625 0.15390625 0.2375
0 0.37734375 0.590625 0.04296875 0.125
0 0.41328125 0.5375 0.02109375 0.0828125
0 0.328125 0.5453125 0.09453125 0.11484375
0 0.35390625 0.53046875 0.07265625 0.109375
0 0.38203125 0.52265625 0.0640625 0.0796875
0 0.3984375 0.5171875 0.0484375 0.071875
0 0.40625 0.49765625 0.0515625 0.0828125
0 0.7828125 0.49921875 0.340625 0.9984375
0 0.56171875 0.5640625 0.0640625 0.165625
0 0.53125 0.53046875 0.0421875 0.10390625
0 0.5171875 0.46015625 0.04765625 0.19765625
0 0.12421875 0.553125 0.1015625 0.125
0 0.4640625 0.515625 0.028125 0.0796875