0 0.484375 0.53359375 0.04609375 0.12265625
0 0.1015625 0.75625 0.203125 0.4828125
0 0.18125 0.67734375 0.2203125 0.3890625
0 0.31484375 0.56953125 0.11640625 0.17578125
0 0.36796875 0.5359375 0.09296875 0.1359375
0 0.41953125 0.5 0.0609375 0.08515625
0 0.76640625 0.715625 0.24375 0.43203125
0 0.5703125 0.534375 0.04921875 0.11171875
0 0.5328125 0.47890625 0.03125 0.10703125
0 0.25859375 0.5375 0.0734375 0.1203125
0 0.4921875 0.5109375 0.03046875 0.090625
0 0.03515625 0.56015625 0.0703125 0.1515625
0 0.18046875 0.52109375 0.07734375 0.0984375