0 0.490625 0.54375 0.0453125 0.12265625
0 0.1171875 0.746875 0.234375 0.5015625
0 0.2421875 0.6265625 0.190625 0.4
0 0.33515625 0.5796875 0.125 0.17890625
0 0.35078125 0.553125 0.1078125 0.15234375
0 0.38515625 0.528125 0.0734375 0.1015625
0 0.4078125 0.5078125 0.06171875 0.08828125
0 0.65625 0.54765625 0.16328125 0.42421875
0 0.60078125 0.5640625 0.0734375 0.16015625
0 0.54609375 0.5171875 0.03046875 0.075
0 0.52578125 0.47734375 0.02421875 0.08515625
0 0.4875 0.5078125 0.0296875 0.08515625
0 0.04140625 0.56171875 0.08203125 0.17578125
0 0.19453125 0.525 0.12578125 0.2640625
0 0.1234375 0.525 0.0984375 0.14921875