0 0.1328125 0.6296875 0.26484375 0.7359375
0 0.8359375 0.74921875 0.3265625 0.49609375
0 0.68671875 0.63984375 0.12578125 0.31484375
0 0.08359375 0.52265625 0.16640625 0.4109375
0 0.675 0.54296875 0.09375 0.24296875
0 0.49609375 0.4890625 0.0328125 0.11484375
0 0.7296875 0.4625 0.1453125 0.18125
0 0.3796875 0.51328125 0.040625 0.08515625
0 0.33046875 0.49609375 0.04921875 0.1171875
0 0.6 0.4921875 0.04453125 0.08515625
0 0.54140625 0.44296875 0.0234375 0.08828125
0 0.51015625 0.428125 0.0234375 0.1203125
0 0.24140625 0.5109375 0.059375 0.08828125