0 0.8328125 0.565625 0.3328125 0.39765625
0 0.984375 0.4359375 0.0296875 0.125
0 0.96328125 0.44296875 0.071875 0.1171875
0 0.3296875 0.56953125 0.0765625 0.18125
0 0.40078125 0.56015625 0.078125 0.1890625
0 0.70234375 0.4546875 0.11171875 0.13828125
0 0.79296875 0.44140625 0.05625 0.0984375
0 0.890625 0.41875 0.0671875 0.11484375
0 0.8265625 0.44140625 0.06171875 0.08828125
0 0.3640625 0.5453125 0.06015625 0.13046875
0 0.54296875 0.49453125 0.03515625 0.0828125
0 0.49375 0.5 0.025 0.06640625
0 0.45546875 0.4703125 0.0265625 0.03984375