0 0.79296875 0.553125 0.2984375 0.34375
0 0.9703125 0.43828125 0.05703125 0.12265625
0 0.9515625 0.4453125 0.0953125 0.11171875
0 0.33671875 0.5703125 0.07109375 0.1703125
0 0.41171875 0.55859375 0.06484375 0.1625
0 0.690625 0.45859375 0.10625 0.13359375
0 0.7796875 0.4453125 0.0546875 0.09296875
0 0.87421875 0.42265625 0.06171875 0.109375
0 0.8125 0.45078125 0.05859375 0.08515625
0 0.3671875 0.553125 0.05703125 0.125
0 0.53828125 0.5 0.034375 0.0796875
0 0.490625 0.50703125 0.02421875 0.0640625
0 0.45 0.4828125 0.02421875 0.03984375