0 0.46796875 0.52421875 0.03828125 0.10390625
0 0.05625 0.73359375 0.11171875 0.4453125
0 0.2578125 0.76796875 0.2484375 0.45859375
0 0.36484375 0.63046875 0.11796875 0.2796875
0 0.27890625 0.56796875 0.1296875 0.1921875
0 0.4203125 0.52109375 0.01875 0.075
0 0.3453125 0.525 0.08515625 0.1015625
0 0.38984375 0.50703125 0.059375 0.071875
0 0.41171875 0.48515625 0.0484375 0.07734375
0 0.771875 0.49921875 0.384375 0.9984375
0 0.5515625 0.53828125 0.05390625 0.14140625
0 0.52734375 0.51328125 0.03671875 0.09296875
0 0.51484375 0.446875 0.04453125 0.18125
0 0.16328125 0.53359375 0.0828125 0.109375
0 0.4640625 0.50390625 0.02734375 0.0796875