0 0.125 0.734375 0.225 0.3921875
0 0.353125 0.628125 0.09765625 0.234375
0 0.24140625 0.65234375 0.13046875 0.25078125
1 0.67890625 0.61171875 0.0953125 0.2640625
0 0.94921875 0.54375 0.10078125 0.275
1 0.7109375 0.63203125 0.1046875 0.31171875
2 0.17734375 0.6 0.02109375 0.2296875
0 0.41953125 0.55078125 0.040625 0.11484375
0 0.44609375 0.515625 0.01875 0.05625
0 0.4546875 0.4921875 0.01640625 0.0640625
0 0.54609375 0.528125 0.07421875 0.09609375
0 0.5203125 0.5078125 0.0515625 0.071875
0 0.3953125 0.55859375 0.0640625 0.19453125