0 0.065625 0.7484375 0.13125 0.5
0 0.13046875 0.63046875 0.25390625 0.31171875
0 0.1890625 0.5640625 0.2203125 0.31171875
1 0.40703125 0.54140625 0.01953125 0.14140625
0 0.890625 0.7109375 0.21640625 0.43203125
0 0.83515625 0.6546875 0.21484375 0.3203125
0 0.76484375 0.61875 0.21875 0.26640625
0 0.70546875 0.590625 0.1828125 0.19765625
0 0.68046875 0.55703125 0.14296875 0.20546875
0 0.3234375 0.54375 0.11328125 0.12265625
0 0.34765625 0.534375 0.09453125 0.109375
0 0.528125 0.525 0.03828125 0.09609375
0 0.51015625 0.50234375 0.02265625 0.0640625
0 0.49296875 0.475 0.0125 0.05078125