0 0.12890625 0.72109375 0.2578125 0.55234375
0 0.834375 0.7453125 0.3296875 0.50390625
0 0.47890625 0.5734375 0.103125 0.20546875
0 0.70859375 0.64765625 0.1171875 0.3203125
0 0.69453125 0.571875 0.08359375 0.22421875
0 0.953125 0.46015625 0.09140625 0.18125
0 0.89296875 0.45703125 0.1203125 0.19765625
0 0.80859375 0.47578125 0.10234375 0.1734375
0 0.528125 0.50390625 0.046875 0.1015625
0 0.65390625 0.50703125 0.03359375 0.090625
0 0.55625 0.484375 0.0328125 0.07734375
0 0.6296875 0.43046875 0.0359375 0.11484375