0 0.5046875 0.5640625 0.0515625 0.14140625
0 0.11171875 0.74375 0.22265625 0.50703125
0 0.2203125 0.6921875 0.23515625 0.365625
0 0.353125 0.57578125 0.11328125 0.19453125
0 0.3625 0.56640625 0.09140625 0.1546875
0 0.41640625 0.5265625 0.07265625 0.09609375
0 0.46171875 0.47578125 0.04296875 0.071875
0 0.70546875 0.66953125 0.1546875 0.290625
0 0.625 0.5734375 0.084375 0.1921875
2 0.57890625 0.5640625 0.0203125 0.1546875
0 0.56796875 0.52109375 0.03828125 0.1015625
0 0.50234375 0.5203125 0.03046875 0.090625
0 0.109375 0.53046875 0.12265625 0.14375
0 0.68671875 0.4984375 0.08125 0.10703125