2 0.73203125 0.68046875 0.08671875 0.63359375
2 0.84296875 0.5828125 0.05859375 0.5484375
2 0.99140625 0.59453125 0.015625 0.5296875
2 0.11953125 0.8171875 0.1453125 0.3609375
2 0.18828125 0.8125 0.10546875 0.36875
2 0.3125 0.66015625 0.06875 0.2484375
2 0.21640625 0.8140625 0.1078125 0.36875
2 0.42421875 0.546875 0.01953125 0.22734375
2 0.4015625 0.546875 0.02265625 0.21640625
2 0.47578125 0.5265625 0.0203125 0.18984375
2 0.49921875 0.4984375 0.0140625 0.14140625
2 0.51640625 0.52421875 0.01484375 0.18203125
2 0.57265625 0.49609375 0.0171875 0.16015625
0 0.45 0.47890625 0.025 0.0640625
2 0.39140625 0.5265625 0.0328125 0.18203125
2 0.53984375 0.51640625 0.0140625 0.16328125