0 0.40234375 0.5015625 0.02734375 0.0984375
1 0.44375 0.58671875 0.04375 0.26640625
0 0.93671875 0.73046875 0.12578125 0.53359375
0 0.68046875 0.725 0.24453125 0.4796875
0 0.1109375 0.7171875 0.22109375 0.37890625
0 0.21640625 0.6171875 0.1203125 0.26171875
0 0.5375 0.57578125 0.09765625 0.2375
0 0.496875 0.55625 0.0734375 0.165625
0 0.26484375 0.5921875 0.0671875 0.15703125
2 0.6453125 0.5359375 0.02578125 0.21875
0 0.28671875 0.56171875 0.04921875 0.1171875
0 0.46953125 0.53984375 0.046875 0.11484375