0 0.078125 0.73046875 0.15625 0.5359375
0 0.13046875 0.640625 0.2609375 0.39375
0 0.14765625 0.6 0.209375 0.28515625
0 0.2265625 0.6109375 0.1859375 0.2296875
0 0.25078125 0.55234375 0.1765625 0.19765625
0 0.30546875 0.5296875 0.12109375 0.1625
0 0.32265625 0.5109375 0.1203125 0.18125
1 0.44375 0.50390625 0.01015625 0.08515625
0 0.765625 0.76171875 0.2640625 0.471875
0 0.809375 0.609375 0.2390625 0.29609375
0 0.74609375 0.59453125 0.16875 0.2265625
0 0.6984375 0.565625 0.13203125 0.17890625
0 0.67578125 0.5453125 0.1 0.15703125
0 0.65078125 0.53828125 0.11640625 0.146875
0 0.628125 0.53359375 0.10859375 0.1171875
0 0.62109375 0.515625 0.08984375 0.13046875
0 0.378125 0.50234375 0.07890625 0.08828125
0 0.3921875 0.50234375 0.06875 0.0796875
0 0.52578125 0.5015625 0.02890625 0.071875
0 0.50078125 0.45859375 0.01171875 0.0453125