0 0.08671875 0.71328125 0.1734375 0.4359375
0 0.1609375 0.6203125 0.22890625 0.28515625
0 0.209375 0.55703125 0.20390625 0.290625
1 0.4125 0.54140625 0.01875 0.13359375
0 0.940625 0.75234375 0.1171875 0.490625
0 0.87578125 0.68125 0.24609375 0.37890625
0 0.80703125 0.63359375 0.19296875 0.290625
0 0.74453125 0.60703125 0.2015625 0.2453125
0 0.69375 0.584375 0.1703125 0.184375
0 0.67109375 0.55234375 0.13515625 0.19453125
0 0.33125 0.53828125 0.10859375 0.1171875
0 0.353125 0.53203125 0.090625 0.10390625
0 0.52734375 0.525 0.0375 0.09296875
0 0.51015625 0.50234375 0.021875 0.06171875
0 0.49375 0.475 0.0125 0.05078125