0 0.50390625 0.56171875 0.053125 0.16796875
0 0.68203125 0.590625 0.12734375 0.24296875
0 0.6125 0.5453125 0.09921875 0.146875
0 0.31015625 0.56953125 0.08828125 0.165625
0 0.06953125 0.64921875 0.1390625 0.25859375
0 0.17890625 0.57578125 0.1078125 0.19765625
0 0.41640625 0.51875 0.04375 0.07734375
0 0.48359375 0.48515625 0.021875 0.05625
0 0.30078125 0.5359375 0.0671875 0.109375
0 0.384375 0.5203125 0.046875 0.06953125
0 0.53515625 0.48828125 0.0203125 0.04765625
0 0.21015625 0.54140625 0.08125 0.10703125