2 0.117195 0.802938 0.234155 0.386702
0 0.977642 0.561054 0.0446476 0.428552
2 0.379801 0.500947 0.0282206 0.0711136
0 0.477453 0.597721 0.0349397 0.275141
0 0.455973 0.606512 0.032787 0.279295
0 0.468542 0.603515 0.0573128 0.286492
0 0.728378 0.473606 0.0164085 0.113164
0 0.316234 0.567494 0.0286498 0.203506
0 0.3627 0.563068 0.02631 0.260659
2 0.902307 0.553506 0.0824819 0.103192
2 0.826283 0.545813 0.0812015 0.101743
0 0.251443 0.560851 0.0327666 0.241425
0 0.399232 0.575114 0.0187173 0.214341
2 0.505057 0.508182 0.0287069 0.0827362
2 0.951595 0.552785 0.0552063 0.0960994
0 0.28695 0.566722 0.0218515 0.215783
0 0.26529 0.536381 0.0153397 0.191707
2 0.0827422 0.50439 0.0360615 0.0826266
2 0.476494 0.496335 0.0224294 0.0569225
0 0.146134 0.475583 0.0101878 0.0594384
0 0.295346 0.557108 0.0156719 0.193934
