2 0.117744 0.802 0.235488 0.389031
0 0.819668 0.58478 0.0571884 0.392543
2 0.379592 0.495571 0.028168 0.0693488
2 0.89275 0.464934 0.0934193 0.111133
0 0.49056 0.627541 0.0352857 0.387088
0 0.120047 0.591269 0.0274543 0.213387
0 0.153221 0.606605 0.022005 0.271073
2 0.341617 0.483279 0.0241357 0.0574746
0 0.393793 0.568487 0.036073 0.243586
1 0.257832 0.758629 0.0760778 0.332185
2 0.902444 0.553761 0.0825553 0.103514
2 0.826403 0.545873 0.0815969 0.102136
0 0.208623 0.512088 0.0187546 0.16794
2 0.505105 0.508575 0.0283918 0.0832915
0 0.184648 0.508004 0.0196215 0.177066
2 0.951984 0.552401 0.0557143 0.095071
0 0.243808 0.498163 0.0158242 0.127518
0 0.232779 0.5117 0.0157482 0.151936
1 0.0348245 0.515298 0.0311695 0.10624
0 0.32176 0.477505 0.00954562 0.0776003
0 0.25702 0.474492 0.0149484 0.0988114
0 0.237677 0.521232 0.0276015 0.176999
0 0.307081 0.467899 0.0098033 0.0641728
0 0.286137 0.505797 0.0142386 0.142703
0 0.241885 0.510524 0.0204174 0.153509
0 0.311779 0.47044 0.00883484 0.0759953
0 0.165233 0.483937 0.0115438 0.08888
0 0.323613 0.477836 0.00953044 0.0721097
