2 0.117306 0.804211 0.234612 0.384612
0 0.878992 0.569823 0.0543855 0.398265
2 0.379696 0.501086 0.0282197 0.0710597
1 0.76013 0.624805 0.0877497 0.195252
0 0.175559 0.611823 0.0275763 0.279373
2 0.804428 0.479587 0.0640598 0.103118
0 0.15807 0.611481 0.0287262 0.268322
2 0.735659 0.489984 0.0273906 0.0653456
1 0.108331 0.833101 0.15105 0.330903
0 0.414567 0.569209 0.0365875 0.256899
2 0.902408 0.553866 0.0827449 0.104233
2 0.82654 0.54625 0.0817081 0.103308
0 0.243883 0.530717 0.0223525 0.182658
0 0.20951 0.520985 0.0176858 0.16147
2 0.505014 0.508108 0.0288565 0.082392
0 0.279434 0.527933 0.0201355 0.164568
2 0.951853 0.553278 0.0561814 0.0966198
1 0.0347126 0.516695 0.0312518 0.103921
0 0.26172 0.512856 0.0170871 0.159687
0 0.264413 0.521201 0.0147821 0.14615
0 0.185261 0.524861 0.0164337 0.156135
2 0.143449 0.513032 0.0293095 0.0445687
2 0.951459 0.537015 0.0561233 0.0664237
