2 0.117071 0.804476 0.234141 0.384223
0 0.854066 0.586021 0.0687843 0.392607
0 0.158875 0.611327 0.0282629 0.278192
2 0.379631 0.501942 0.0279534 0.0710785
1 0.727337 0.630535 0.0327685 0.185172
2 0.880921 0.473856 0.0633739 0.104409
1 0.212668 0.820124 0.0918456 0.35852
0 0.401595 0.563396 0.0295967 0.255895
2 0.902364 0.553819 0.0827051 0.103818
2 0.826414 0.546101 0.081837 0.102307
2 0.505041 0.508527 0.0287035 0.0826213
0 0.244062 0.51333 0.0167628 0.157492
0 0.272299 0.528155 0.0195546 0.181999
0 0.285101 0.506981 0.0158726 0.157192
0 0.183807 0.51307 0.0163741 0.162529
0 0.256447 0.505035 0.0137934 0.156554
0 0.320313 0.4826 0.0114835 0.109637
2 0.952458 0.553626 0.0573822 0.0968216
0 0.238617 0.511089 0.0159343 0.158258
1 0.0347786 0.515425 0.0311768 0.106794
0 0.166664 0.483988 0.0126208 0.0851329
