2 0.117273 0.802773 0.234285 0.387463
0 0.740596 0.624357 0.0568337 0.444416
2 0.379723 0.501055 0.0282649 0.070872
0 0.285629 0.600239 0.0303393 0.276116
0 0.256039 0.624054 0.0340848 0.307798
0 0.307311 0.548236 0.0266326 0.208896
0 0.789856 0.63818 0.0696734 0.419665
0 0.819682 0.63972 0.0397012 0.385038
0 0.503618 0.586115 0.0375551 0.303882
0 0.190105 0.52547 0.0230557 0.203825
2 0.902304 0.553619 0.0824341 0.102845
0 0.274224 0.54388 0.0244554 0.219533
2 0.844862 0.543237 0.0423886 0.0883431
0 0.218346 0.528856 0.0187289 0.194723
0 0.232178 0.515456 0.0155679 0.187529
0 0.248735 0.529545 0.0197437 0.190636
2 0.952489 0.553369 0.0570522 0.096275
0 0.257202 0.529772 0.0164056 0.185718
0 0.252312 0.529222 0.0171245 0.18587
2 0.0827876 0.504034 0.0360993 0.0830666
0 0.380331 0.501671 0.00878525 0.0959527
2 0.143045 0.511439 0.0362181 0.0463744
