2 0.117277 0.802827 0.234315 0.38713
0 0.764993 0.619053 0.0576607 0.443702
0 0.301456 0.601909 0.0405276 0.266391
2 0.379727 0.501014 0.0281863 0.0710234
0 0.730859 0.619176 0.0399693 0.401752
0 0.267237 0.588718 0.0320342 0.239463
0 0.514848 0.595967 0.046628 0.299911
0 0.805801 0.632553 0.048138 0.436523
0 0.31578 0.550486 0.022459 0.20711
0 0.276814 0.548232 0.0269391 0.225044
2 0.902454 0.5531 0.0819155 0.102004
0 0.841497 0.643219 0.054713 0.385113
0 0.191602 0.531518 0.0226017 0.202098
0 0.220976 0.540276 0.0202926 0.184291
0 0.232583 0.520949 0.015256 0.184735
2 0.854056 0.545488 0.0253822 0.0720299
0 0.251475 0.535274 0.0195719 0.191616
2 0.0827161 0.504077 0.0360895 0.0830662
2 0.952532 0.552694 0.0566218 0.0951382
0 0.438771 0.482181 0.00912954 0.0618449
0 0.380399 0.497561 0.00948925 0.104343
0 0.270842 0.539246 0.0181906 0.219612
2 0.949917 0.538826 0.0542324 0.0728886
