2 0.117186 0.802948 0.234109 0.386917
0 0.937273 0.569819 0.0454551 0.404564
0 0.97136 0.574217 0.0572797 0.491886
2 0.379879 0.501099 0.0283844 0.0717266
0 0.421834 0.610267 0.0342844 0.290845
0 0.441233 0.606029 0.0306107 0.273907
0 0.438452 0.613483 0.0524904 0.28873
0 0.380955 0.560718 0.0308318 0.231682
0 0.341701 0.557762 0.0254689 0.256098
2 0.902596 0.55364 0.0817909 0.103518
2 0.82652 0.545858 0.0819248 0.10265
0 0.271606 0.551394 0.0280566 0.231736
0 0.237457 0.549272 0.0252502 0.233529
2 0.505109 0.508019 0.0287047 0.082928
0 0.294723 0.547645 0.0227326 0.228732
0 0.256847 0.533007 0.0168469 0.214402
2 0.952317 0.553408 0.0568493 0.0972202
2 0.0827643 0.504023 0.0359154 0.083022
2 0.477803 0.495979 0.025465 0.058416
0 0.436121 0.481601 0.0092556 0.0551463
