2 0.117216 0.80297 0.234109 0.386696
0 0.858438 0.601264 0.0655042 0.455729
0 0.366182 0.603135 0.0408862 0.266731
2 0.379691 0.499468 0.0276794 0.0687695
0 0.826651 0.595803 0.0396782 0.379577
0 0.339424 0.631375 0.0388866 0.339296
0 0.725928 0.470467 0.0146186 0.116493
0 0.341396 0.55485 0.0279051 0.208585
0 0.903908 0.662986 0.0857642 0.480447
2 0.826522 0.545547 0.081678 0.102335
0 0.302602 0.554129 0.0233026 0.229177
0 0.204613 0.541783 0.0268581 0.221193
2 0.504988 0.508328 0.0290928 0.0832261
0 0.265926 0.543179 0.0205344 0.201362
0 0.239596 0.545372 0.0194547 0.201783
0 0.284074 0.530644 0.017179 0.178959
2 0.876372 0.548219 0.0355246 0.0923332
0 0.925869 0.672998 0.0506489 0.463748
2 0.956815 0.561036 0.0460663 0.103769
0 0.228871 0.522752 0.0165387 0.194435
2 0.0828476 0.504064 0.0359958 0.0830533
0 0.379946 0.499746 0.00876617 0.098921
0 0.433963 0.482626 0.00780766 0.0631958
0 0.927845 0.655937 0.0382283 0.410445
0 0.232622 0.537714 0.0220566 0.212573
