2 0.117375 0.803052 0.23475 0.385924
0 0.862682 0.585844 0.0831302 0.39164
0 0.165589 0.612666 0.0346483 0.267611
2 0.379836 0.50106 0.0283458 0.0713973
1 0.737256 0.625651 0.0525037 0.183189
2 0.847779 0.473052 0.0979568 0.113376
0 0.725253 0.565158 0.0292644 0.241455
2 0.82195 0.4936 0.0470664 0.0658922
2 0.845835 0.492018 0.0954785 0.0807964
0 0.405002 0.561727 0.0311737 0.261048
2 0.902421 0.553723 0.0825379 0.103591
2 0.826461 0.54612 0.0818619 0.102374
0 0.241785 0.531051 0.0214755 0.188792
1 0.18383 0.833882 0.100794 0.321443
2 0.504915 0.508722 0.0290527 0.0830178
0 0.273821 0.527507 0.0190197 0.182695
2 0.95151 0.552508 0.0553498 0.0948473
0 0.257258 0.510721 0.0147893 0.163165
1 0.0348902 0.515538 0.0310829 0.106116
2 0.0826499 0.504366 0.0360439 0.0823528
2 0.141151 0.513022 0.0359341 0.0463066
