2 0.117188 0.802797 0.234109 0.386984
0 0.921515 0.579466 0.0674351 0.47458
0 0.890611 0.583707 0.0471509 0.402837
0 0.408551 0.605085 0.040904 0.269496
2 0.376836 0.501595 0.02293 0.0712985
0 0.404167 0.626992 0.0679182 0.3222
0 0.382363 0.562299 0.0216374 0.191921
0 0.385946 0.609951 0.033559 0.29724
0 0.221322 0.544931 0.031975 0.227847
0 0.325318 0.556339 0.0312838 0.244905
2 0.826453 0.546127 0.0816981 0.103365
2 0.902579 0.554067 0.083125 0.104563
0 0.963101 0.665057 0.0737982 0.485701
0 0.363272 0.55851 0.0195052 0.217931
0 0.282784 0.552452 0.0255905 0.203928
2 0.50503 0.508496 0.0285866 0.0830784
0 0.25341 0.555622 0.0226134 0.208128
2 0.946566 0.553242 0.0449046 0.0970501
2 0.0828041 0.504064 0.0360495 0.082825
0 0.976278 0.665225 0.0466294 0.485431
2 0.476506 0.495369 0.0215996 0.0585395
0 0.431921 0.483542 0.00878019 0.0763504
0 0.233478 0.521166 0.0183243 0.18737
0 0.269188 0.534351 0.0163348 0.176784
0 0.245465 0.529195 0.017264 0.176172
2 0.142112 0.512973 0.03423 0.0450336
