2 0.117183 0.80297 0.234115 0.386735
0 0.963517 0.577661 0.0728987 0.402549
2 0.37976 0.501084 0.0282642 0.0709577
0 0.463008 0.589974 0.0327768 0.288233
0 0.441026 0.605586 0.0253843 0.284171
0 0.454736 0.596656 0.0486519 0.287834
2 0.99417 0.503962 0.0116608 0.122827
0 0.728277 0.473596 0.0166031 0.113162
0 0.351702 0.564292 0.0347825 0.254667
0 0.391415 0.5689 0.0236737 0.224972
2 0.90232 0.553995 0.0824211 0.104159
2 0.826469 0.546009 0.081749 0.102612
0 0.278994 0.556424 0.022413 0.226313
0 0.243718 0.560092 0.0241871 0.255579
2 0.505065 0.5081 0.0289902 0.0836538
0 0.259677 0.534713 0.0185486 0.206695
2 0.95132 0.553316 0.0545544 0.0966466
0 0.310425 0.551198 0.0196364 0.199672
0 0.312611 0.537683 0.0181205 0.169831
2 0.0828115 0.504176 0.0360421 0.0827245
0 0.302255 0.557836 0.0210885 0.222294
0 0.306759 0.558426 0.0194725 0.212766
0 0.295722 0.551033 0.0167829 0.206993
2 0.14197 0.51201 0.0335104 0.0477184
