2 0.117196 0.802897 0.234085 0.38693
0 0.852479 0.612064 0.0734825 0.445013
2 0.379889 0.500421 0.0270528 0.0717838
0 0.811105 0.62111 0.0535494 0.404473
0 0.328245 0.633907 0.0460109 0.32416
0 0.355434 0.601364 0.0316224 0.28462
0 0.726029 0.470223 0.0146309 0.116139
0 0.897393 0.660043 0.0765495 0.471523
0 0.339464 0.555556 0.0305338 0.207584
2 0.826815 0.547174 0.0844975 0.103995
0 0.299493 0.552807 0.0254002 0.23081
0 0.26567 0.536898 0.0207512 0.204516
2 0.505256 0.508149 0.0283936 0.0829977
0 0.203525 0.538255 0.0248383 0.210639
0 0.908977 0.662684 0.0523487 0.432642
0 0.282296 0.521717 0.0159919 0.179515
0 0.916413 0.660008 0.0354572 0.41291
2 0.948343 0.556108 0.0580206 0.101236
2 0.0827268 0.504255 0.0360123 0.082695
0 0.379869 0.499235 0.00882222 0.100449
1 0.236199 0.559114 0.023533 0.162217
0 0.436592 0.484453 0.00988101 0.066153
0 0.43402 0.481448 0.00747616 0.0627869
