2 0.117269 0.802476 0.234286 0.387911
0 0.787174 0.626958 0.08754 0.444506
2 0.379699 0.501068 0.0281817 0.0711624
0 0.314017 0.608086 0.0300177 0.295697
0 0.751054 0.626031 0.0763405 0.393564
0 0.284668 0.625957 0.0405162 0.315128
0 0.279306 0.550456 0.0234344 0.223015
0 0.520899 0.593034 0.0366846 0.313851
0 0.324637 0.548595 0.0293143 0.215878
0 0.834888 0.63647 0.0620374 0.433584
0 0.854443 0.646181 0.0340873 0.394159
2 0.902937 0.553028 0.0807895 0.102943
2 0.504371 0.507986 0.0266243 0.0835003
0 0.192577 0.528328 0.0234074 0.210902
0 0.224923 0.535814 0.0209462 0.195218
0 0.25525 0.536951 0.0181756 0.184651
0 0.240318 0.526905 0.0119936 0.166012
2 0.952294 0.552855 0.0570714 0.095786
0 0.266798 0.521522 0.0140824 0.182015
0 0.438753 0.484278 0.00922833 0.0637939
2 0.0827712 0.503967 0.0360293 0.0833307
2 0.949593 0.53723 0.0537254 0.069301
2 0.141953 0.514004 0.0341217 0.0436905
