2 0.117152 0.80261 0.234035 0.387216
0 0.839854 0.606247 0.0461754 0.404894
0 0.371042 0.604559 0.0411097 0.266169
0 0.869596 0.602221 0.0530088 0.473511
2 0.382371 0.497469 0.0216866 0.0648187
0 0.347046 0.593182 0.0277144 0.256098
0 0.345247 0.563685 0.0238711 0.196225
0 0.349151 0.622652 0.0307689 0.326965
0 0.725752 0.470107 0.0147932 0.117443
0 0.91007 0.666789 0.0872631 0.481841
0 0.305541 0.551376 0.025795 0.236195
0 0.347068 0.552306 0.0268801 0.21144
2 0.826137 0.546444 0.080817 0.103369
0 0.208017 0.542258 0.025308 0.220816
0 0.939219 0.668195 0.0666008 0.435975
0 0.241984 0.539589 0.0221622 0.211413
2 0.882773 0.550628 0.0479396 0.0984227
2 0.504949 0.508572 0.0288973 0.0834394
0 0.285914 0.529195 0.0192997 0.181759
0 0.268085 0.548018 0.0209798 0.201885
0 0.228849 0.521229 0.0185853 0.193151
0 0.433925 0.481067 0.00816764 0.0661723
2 0.0827612 0.504148 0.036067 0.0829375
0 0.435412 0.485352 0.00907364 0.0681913
