2 0.1172 0.80403 0.2344 0.385594
0 0.866578 0.579725 0.0751984 0.388914
0 0.170117 0.61011 0.0395408 0.268247
2 0.379765 0.501551 0.0281899 0.0715071
1 0.746392 0.627121 0.0731185 0.188481
2 0.808777 0.482046 0.0482012 0.105319
1 0.148877 0.832635 0.124096 0.331283
0 0.410464 0.566941 0.0356743 0.257004
2 0.826413 0.546088 0.0815057 0.102461
2 0.902346 0.553607 0.0826022 0.103034
0 0.208875 0.521758 0.0165597 0.157147
0 0.243901 0.528082 0.0203806 0.179641
2 0.504971 0.50831 0.0287396 0.0822003
2 0.951632 0.552656 0.0553683 0.0953106
1 0.0348513 0.516157 0.031168 0.104491
0 0.258229 0.50623 0.0141737 0.153691
0 0.277414 0.527983 0.0200436 0.176197
0 0.273129 0.52619 0.0187937 0.173223
0 0.263884 0.513679 0.0123247 0.153145
0 0.185851 0.524882 0.0143474 0.0843214
