2 0.117121 0.802725 0.234003 0.387472
0 0.740219 0.627452 0.0580038 0.438746
2 0.379768 0.501021 0.0282363 0.0708639
0 0.2786 0.593224 0.0315678 0.273449
0 0.250113 0.610317 0.0359099 0.281985
0 0.305592 0.545863 0.0267308 0.205827
0 0.787063 0.635948 0.0700455 0.420354
0 0.189748 0.524097 0.0238524 0.202819
2 0.902386 0.553865 0.0825047 0.103333
0 0.496004 0.585165 0.0380659 0.308224
0 0.808633 0.628372 0.0341902 0.359237
0 0.217332 0.523644 0.0206071 0.205379
2 0.843128 0.544399 0.0474178 0.089663
0 0.273147 0.543434 0.0264807 0.222304
2 0.951531 0.552729 0.0553905 0.0946773
0 0.233715 0.519586 0.0161799 0.183309
0 0.247263 0.530339 0.0227788 0.186602
0 0.281311 0.521886 0.0147939 0.175608
0 0.256765 0.528556 0.0160287 0.184296
0 0.251591 0.529028 0.0156718 0.180993
0 0.51234 0.52309 0.0195295 0.112311
2 0.0828609 0.504189 0.0359952 0.0825831
2 0.143267 0.512308 0.0364753 0.0448549
0 0.236711 0.524584 0.0162019 0.18009
1 0.0347334 0.515863 0.0310221 0.106082
