2 0.117296 0.802872 0.23431 0.386686
0 0.966366 0.554804 0.0672679 0.421471
0 0.227902 0.60211 0.0353589 0.265112
2 0.379762 0.501062 0.0282554 0.0710511
1 0.917041 0.579297 0.0850262 0.188241
2 0.729775 0.489535 0.0367823 0.0952598
0 0.19963 0.611398 0.0301765 0.279663
0 0.452527 0.572308 0.0291174 0.289528
2 0.826496 0.545914 0.0811473 0.102455
2 0.902636 0.553801 0.0819366 0.103475
0 0.754813 0.619115 0.0223606 0.344988
0 0.186187 0.520104 0.0232089 0.184811
0 0.211593 0.528354 0.0191367 0.166416
0 0.256169 0.533282 0.022514 0.210647
2 0.505088 0.508972 0.0285465 0.0844703
0 0.238153 0.524518 0.0173539 0.166766
2 0.952043 0.553013 0.0562672 0.0961959
0 0.2851 0.530626 0.0214994 0.197827
0 0.271277 0.475317 0.0130766 0.0997036
2 0.0827979 0.503917 0.0358975 0.0831059
0 0.270973 0.49323 0.0145456 0.138631
0 0.417102 0.49346 0.00822105 0.0529457
