2 0.117281 0.800252 0.234366 0.393678
0 0.801201 0.5926 0.0667411 0.383148
2 0.37954 0.49342 0.0282673 0.0681167
0 0.110839 0.582766 0.035301 0.194522
2 0.915982 0.456536 0.100367 0.117083
0 0.487982 0.636564 0.0402043 0.460672
2 0.341633 0.480078 0.0232276 0.0555851
0 0.138877 0.606881 0.0374333 0.254132
1 0.293164 0.725664 0.0605154 0.271114
0 0.384754 0.56427 0.0304862 0.238867
2 0.902538 0.553774 0.0821819 0.103389
2 0.826476 0.545979 0.0816225 0.102335
0 0.208724 0.512342 0.0181439 0.155949
0 0.239096 0.526372 0.0223115 0.179106
0 0.184409 0.50784 0.0185084 0.166734
2 0.505025 0.508648 0.0284744 0.0826445
0 0.269282 0.534161 0.0191477 0.184317
2 0.951562 0.552969 0.0550781 0.0955714
0 0.256213 0.510336 0.0144272 0.169876
0 0.164817 0.484106 0.01158 0.0880557
0 0.26652 0.523243 0.0176711 0.170568
1 0.0347737 0.51548 0.031089 0.106881
0 0.283307 0.516842 0.0161081 0.154338
0 0.321046 0.484174 0.0108065 0.08306
