2 0.11728 0.8026 0.23426 0.387459
0 0.802685 0.613957 0.0618412 0.461185
0 0.332623 0.598581 0.0455367 0.277293
2 0.379658 0.501096 0.0281964 0.0709764
0 0.769757 0.602355 0.0443901 0.373659
0 0.296981 0.631346 0.0438009 0.338607
0 0.728134 0.473909 0.0150047 0.110307
0 0.876604 0.656447 0.0580883 0.404848
0 0.846177 0.646324 0.0775522 0.436797
0 0.194486 0.532936 0.0226844 0.210204
0 0.326852 0.550211 0.0250911 0.212055
0 0.28784 0.550388 0.0271443 0.22213
2 0.813847 0.547995 0.0563951 0.10389
2 0.909267 0.554256 0.0669874 0.100654
0 0.25742 0.539069 0.0192375 0.18878
0 0.228783 0.541779 0.019725 0.188427
2 0.504128 0.508325 0.0279594 0.084033
2 0.952063 0.55325 0.0554954 0.0954526
0 0.438448 0.4859 0.00930088 0.0693804
0 0.280613 0.547355 0.0140628 0.216852
0 0.271512 0.526228 0.0142525 0.169316
0 0.243299 0.530277 0.0130772 0.169789
2 0.951467 0.542165 0.0514481 0.0705637
2 0.0827051 0.504023 0.0360716 0.0833602
2 0.478729 0.497171 0.0261826 0.0580885
