2 0.117197 0.802922 0.234104 0.386922
0 0.833376 0.608351 0.0670671 0.446745
2 0.37981 0.501195 0.0279146 0.0715429
0 0.793087 0.621204 0.0453224 0.402499
0 0.345051 0.608587 0.0420497 0.289754
0 0.315576 0.61624 0.0331708 0.299803
0 0.727102 0.473897 0.0137677 0.110932
0 0.292876 0.554117 0.0290485 0.223899
0 0.90431 0.661497 0.0543779 0.406321
0 0.333941 0.548029 0.022508 0.218583
0 0.198029 0.53743 0.0279781 0.211685
2 0.822794 0.547656 0.0743048 0.105603
0 0.866751 0.638936 0.0513996 0.460754
2 0.505119 0.507996 0.0287797 0.0825331
0 0.260902 0.546225 0.0223057 0.194504
0 0.23008 0.54324 0.0198987 0.200328
2 0.92121 0.551658 0.0418137 0.0867863
0 0.246 0.531853 0.0162019 0.175379
2 0.951915 0.553255 0.0535313 0.097016
2 0.082767 0.504207 0.0360595 0.0825675
0 0.437358 0.488764 0.00937024 0.070188
0 0.277176 0.52614 0.0159672 0.184815
