2 0.11748 0.800731 0.23496 0.391881
0 0.809102 0.590042 0.0742222 0.385265
2 0.37955 0.493349 0.0282712 0.0681269
0 0.489935 0.644097 0.0413914 0.437727
0 0.113992 0.58303 0.0271104 0.199094
2 0.904715 0.458255 0.100805 0.116509
0 0.144726 0.606671 0.0403749 0.257399
2 0.341066 0.480337 0.0243096 0.0557762
1 0.276721 0.748397 0.0680475 0.289019
0 0.39054 0.568866 0.0331811 0.241111
2 0.902396 0.553535 0.0827505 0.103217
2 0.826646 0.546136 0.0817191 0.102382
0 0.207744 0.509536 0.0178522 0.161016
0 0.184838 0.506374 0.0190599 0.174704
2 0.505086 0.508724 0.0287485 0.0830549
0 0.243383 0.524832 0.0175396 0.178288
0 0.233984 0.521594 0.0138801 0.165715
2 0.952406 0.553133 0.0574848 0.0957512
0 0.321757 0.481788 0.0109669 0.0859144
0 0.239286 0.525926 0.0207124 0.178317
0 0.165094 0.483507 0.0112339 0.0889449
1 0.0348226 0.515497 0.0310418 0.106372
0 0.323493 0.48403 0.0118412 0.0782392
0 0.257061 0.499393 0.014349 0.152292
0 0.311437 0.474613 0.0100684 0.0823586
0 0.257589 0.480299 0.0131198 0.113462
