2 0.117204 0.803651 0.234409 0.386445
0 0.974901 0.544387 0.0494138 0.43671
2 0.379791 0.501038 0.0282981 0.0713317
0 0.233824 0.603956 0.0407818 0.273605
1 0.939745 0.569326 0.086927 0.196693
0 0.206401 0.619613 0.0378427 0.307558
2 0.722319 0.484623 0.0220448 0.106891
0 0.459573 0.583642 0.0389158 0.273963
0 0.756014 0.618998 0.024183 0.348076
2 0.902247 0.553854 0.0828014 0.10393
2 0.826396 0.546223 0.0813704 0.103273
0 0.257494 0.536307 0.0253553 0.209107
0 0.185748 0.521107 0.0239938 0.187582
0 0.211872 0.527443 0.0190291 0.173852
2 0.505293 0.50885 0.0284615 0.0849065
0 0.239516 0.526095 0.0190371 0.168656
2 0.951875 0.551932 0.0563434 0.0947818
0 0.290741 0.541692 0.021643 0.193591
0 0.271235 0.473821 0.0122563 0.093312
2 0.082712 0.503873 0.036181 0.0837661
2 0.152066 0.487767 0.0566599 0.0929367
2 0.951545 0.535436 0.05615 0.0637903
