2 0.117168 0.802684 0.234108 0.387046
0 0.905485 0.59538 0.0901085 0.447855
0 0.359244 0.612845 0.0476872 0.287338
0 0.858207 0.609921 0.0714402 0.397637
0 0.382898 0.608697 0.0302603 0.291703
0 0.725844 0.471167 0.0155886 0.118192
0 0.311597 0.557725 0.0317956 0.236248
0 0.953 0.678045 0.0940001 0.451897
2 0.826392 0.546226 0.0814854 0.103415
0 0.354421 0.555102 0.0234055 0.216359
0 0.245637 0.541961 0.0261587 0.219484
0 0.213687 0.543082 0.0232779 0.218465
2 0.894954 0.555576 0.0680855 0.108828
2 0.505104 0.507695 0.0284517 0.0821075
0 0.933176 0.65674 0.0567593 0.487471
0 0.23039 0.521352 0.0167004 0.190787
0 0.271888 0.552735 0.0210245 0.200982
0 0.433914 0.480661 0.00904751 0.0712127
0 0.286526 0.530914 0.0173689 0.189501
2 0.0827441 0.504215 0.0361247 0.0825863
0 0.435034 0.485698 0.00920773 0.0722652
2 0.477289 0.495717 0.0226438 0.0567861
0 0.268631 0.543417 0.0247852 0.213903
0 0.28063 0.530467 0.0126032 0.163627
2 0.142335 0.513229 0.0335424 0.0441264
0 0.969911 0.682464 0.0548907 0.43827
