2 0.117169 0.802834 0.234091 0.387153
0 0.980599 0.578024 0.0384885 0.426948
0 0.948394 0.572154 0.0521221 0.408669
2 0.379773 0.501086 0.028286 0.0712555
0 0.427548 0.608432 0.0443926 0.287973
0 0.447008 0.598477 0.0282247 0.278922
0 0.727323 0.473289 0.0147497 0.111947
0 0.347597 0.55998 0.0331105 0.26064
0 0.385798 0.566273 0.0239829 0.224881
2 0.902398 0.553969 0.0823174 0.103832
2 0.826265 0.546709 0.0806239 0.103144
0 0.239063 0.551408 0.0263866 0.241076
0 0.301997 0.562662 0.0269397 0.207146
0 0.27427 0.552489 0.0283884 0.23255
2 0.505133 0.507841 0.0288042 0.0827796
0 0.258416 0.538437 0.0173207 0.219918
2 0.951449 0.553074 0.0548447 0.0969211
2 0.0827845 0.504128 0.0360186 0.0826776
0 0.279837 0.550496 0.0213445 0.222176
0 0.289534 0.544695 0.0166307 0.214933
2 0.477968 0.496075 0.0255228 0.0582394
2 0.951283 0.535572 0.0549279 0.0641586
