2 0.117163 0.803545 0.234327 0.386538
1 0.8199 0.601574 0.089818 0.194395
0 0.918473 0.572473 0.0756073 0.398854
0 0.199476 0.604128 0.0393331 0.25873
2 0.379731 0.500937 0.0282853 0.0708879
0 0.174294 0.619392 0.0402874 0.295524
2 0.764585 0.483639 0.067442 0.1048
2 0.779039 0.483902 0.0946739 0.107929
0 0.431239 0.566743 0.0340883 0.268354
2 0.90231 0.553744 0.0829754 0.103787
2 0.826524 0.545983 0.0815977 0.102543
0 0.280617 0.533168 0.0190632 0.177328
0 0.18511 0.517373 0.0208505 0.178988
0 0.209298 0.523441 0.0195605 0.167129
2 0.505158 0.508317 0.028755 0.0828509
0 0.251427 0.529064 0.0234199 0.189546
2 0.951864 0.55234 0.0563774 0.0953628
0 0.235636 0.522008 0.0149247 0.16709
2 0.139842 0.507401 0.0385834 0.0579999
