2 0.117184 0.802835 0.234134 0.387009
0 0.966599 0.58482 0.0668024 0.466718
0 0.923885 0.57789 0.0441203 0.399508
2 0.379817 0.501099 0.0282125 0.0715321
0 0.435509 0.597454 0.038759 0.270933
0 0.413461 0.599213 0.0231302 0.263688
0 0.41337 0.561916 0.0211624 0.191288
0 0.378723 0.561055 0.035425 0.228206
0 0.234613 0.548345 0.0275592 0.232401
2 0.902151 0.553417 0.0830012 0.103079
2 0.826283 0.546519 0.0811581 0.103179
0 0.338558 0.558353 0.0267062 0.252542
0 0.270508 0.549491 0.0263666 0.224087
2 0.505079 0.508229 0.0289099 0.0838062
2 0.951455 0.55205 0.0549095 0.0951518
0 0.254485 0.539553 0.0180006 0.212456
0 0.288948 0.550637 0.0214503 0.210707
2 0.0828035 0.504098 0.035984 0.0828574
0 0.294893 0.551915 0.0187275 0.202924
0 0.257489 0.54622 0.0186074 0.222296
2 0.951272 0.534961 0.0548691 0.0629971
