2 0.117254 0.800163 0.234507 0.394841
0 0.790129 0.586618 0.0468811 0.398335
2 0.379536 0.493309 0.028186 0.0681772
0 0.10317 0.576472 0.031196 0.174296
0 0.485214 0.628784 0.0461103 0.442203
2 0.928449 0.454044 0.100652 0.116302
0 0.469413 0.616771 0.0342222 0.390485
0 0.122866 0.584408 0.0210014 0.214001
2 0.341573 0.478735 0.0234424 0.0578215
0 0.377398 0.565701 0.0270597 0.235656
2 0.902378 0.553536 0.0826451 0.102996
2 0.826442 0.546077 0.0818716 0.102121
1 0.308614 0.714722 0.053205 0.247206
0 0.208649 0.515646 0.0175505 0.152481
0 0.268198 0.524996 0.0174213 0.172846
0 0.238509 0.525768 0.0217132 0.180684
0 0.184492 0.510794 0.0194129 0.16622
2 0.505228 0.508152 0.0285545 0.0830927
0 0.284666 0.515417 0.0162637 0.157008
2 0.951397 0.551546 0.0544996 0.092883
0 0.25383 0.510877 0.0138665 0.166474
0 0.164555 0.484507 0.011376 0.0871673
1 0.0348439 0.515634 0.0309798 0.106584
