2 0.117208 0.802842 0.234181 0.386989
0 0.962154 0.577666 0.0756923 0.405543
2 0.37973 0.500901 0.0281959 0.0705794
0 0.452266 0.593552 0.0249606 0.289896
0 0.431459 0.611433 0.0409282 0.289311
0 0.988251 0.571491 0.0234986 0.405453
0 0.72757 0.473121 0.0153004 0.111879
2 0.403188 0.517238 0.0167855 0.0443592
0 0.350768 0.562746 0.0370645 0.255055
2 0.902177 0.554061 0.082584 0.104489
0 0.389119 0.563537 0.0240752 0.23141
2 0.826603 0.546087 0.0819759 0.102727
0 0.240906 0.553696 0.0248486 0.249081
0 0.276175 0.553948 0.0278565 0.230831
2 0.505304 0.50793 0.0285816 0.0835416
0 0.259932 0.533941 0.0186746 0.21189
2 0.951494 0.553059 0.0548225 0.0966558
0 0.299669 0.560165 0.0237564 0.218469
2 0.0827313 0.504319 0.0361808 0.0826091
0 0.308474 0.537212 0.0167349 0.168903
0 0.294327 0.547169 0.0210736 0.218796
0 0.306396 0.549552 0.0180041 0.193991
