2 0.117261 0.802827 0.234252 0.387072
0 0.728213 0.617883 0.0341213 0.443345
2 0.379752 0.500953 0.0282418 0.0707704
0 0.270452 0.59846 0.0457352 0.265884
0 0.237338 0.616246 0.0357608 0.299649
0 0.792601 0.627214 0.0489146 0.369983
0 0.48897 0.5826 0.0427045 0.303428
2 0.90255 0.553435 0.082289 0.102943
0 0.187726 0.526726 0.0244352 0.19443
0 0.764384 0.62336 0.0395443 0.406531
0 0.215541 0.533292 0.0193815 0.177783
2 0.83333 0.54298 0.0664234 0.0970002
0 0.242422 0.532208 0.0206498 0.179738
0 0.301388 0.53978 0.0208902 0.194481
0 0.270501 0.537963 0.0287185 0.208299
2 0.505538 0.507086 0.0277306 0.0830148
2 0.952441 0.553098 0.056799 0.0957004
0 0.281408 0.51784 0.0153962 0.1729
2 0.0827914 0.504037 0.0360108 0.0827336
2 0.142742 0.514116 0.0338887 0.0427431
0 0.255524 0.519285 0.0118627 0.177656
