2 0.117215 0.802752 0.234187 0.387223
0 0.951184 0.578699 0.066003 0.472408
0 0.908359 0.590293 0.0556026 0.406383
2 0.379348 0.501115 0.0273439 0.0718079
0 0.395062 0.60638 0.0438559 0.293197
0 0.41628 0.60028 0.0236662 0.285567
0 0.402626 0.618141 0.0579952 0.321392
0 0.412491 0.600298 0.0347529 0.292392
0 0.330471 0.560466 0.0325266 0.245084
0 0.370647 0.557986 0.0263295 0.22297
0 0.225377 0.549434 0.0329596 0.22048
2 0.902414 0.554741 0.0825939 0.105757
2 0.826413 0.546053 0.0818346 0.102962
0 0.288964 0.557725 0.0258749 0.20031
2 0.957243 0.557481 0.0657314 0.10346
0 0.259398 0.562598 0.0225581 0.195439
2 0.504847 0.50793 0.0292494 0.0829379
2 0.0827408 0.504701 0.0364367 0.0815373
0 0.245244 0.522253 0.0161922 0.184038
2 0.478378 0.495948 0.0264528 0.0575675
0 0.27036 0.532086 0.015013 0.165474
