2 0.117463 0.804527 0.234925 0.383757
0 0.837238 0.585037 0.0473467 0.395883
2 0.379808 0.500957 0.028246 0.0711998
0 0.155015 0.60938 0.0230543 0.273659
2 0.887377 0.469758 0.084407 0.100264
0 0.130018 0.599392 0.0327817 0.245786
0 0.397428 0.569403 0.0346164 0.248716
1 0.238019 0.787654 0.0850979 0.356532
2 0.902487 0.553791 0.082353 0.103668
2 0.826498 0.546073 0.0817401 0.102504
0 0.207823 0.515036 0.0167321 0.164245
0 0.184178 0.511034 0.0178334 0.17144
2 0.505085 0.508324 0.0285734 0.0825845
2 0.95198 0.552596 0.0561576 0.0956668
0 0.283944 0.517892 0.0151778 0.147027
0 0.271126 0.51889 0.0174311 0.151073
0 0.321202 0.480356 0.0108253 0.103271
1 0.034722 0.515453 0.0311393 0.106551
0 0.16617 0.482845 0.0127274 0.0881409
2 0.951721 0.537699 0.0562393 0.0682898
