2 0.117212 0.802819 0.234204 0.387047
0 0.966977 0.571408 0.0660466 0.423377
2 0.379743 0.500836 0.0281624 0.0707903
0 0.466565 0.595306 0.0507044 0.287542
0 0.465205 0.591252 0.0356413 0.276294
0 0.728219 0.473281 0.0161541 0.112351
0 0.450746 0.599812 0.0229211 0.268375
0 0.354877 0.562483 0.0317116 0.257444
0 0.394196 0.575721 0.0225886 0.21271
2 0.902487 0.553766 0.0821122 0.103517
2 0.826201 0.5467 0.0808073 0.103121
0 0.312137 0.56138 0.0211058 0.214779
2 0.505161 0.507909 0.0289287 0.0823665
0 0.247265 0.556131 0.0286135 0.249864
0 0.2828 0.558358 0.021385 0.225404
2 0.951414 0.551862 0.0545876 0.0944316
0 0.263868 0.541382 0.0168487 0.202513
0 0.296429 0.546477 0.0160865 0.193226
2 0.082739 0.504206 0.0360467 0.0827886
0 0.257791 0.540707 0.0171614 0.215164
2 0.477536 0.496011 0.0235659 0.0561194
2 0.141809 0.513708 0.0337964 0.0435017
