2 0.117204 0.803 0.23415 0.386808
0 0.915858 0.590572 0.08874 0.45679
0 0.874321 0.581313 0.0494945 0.382495
0 0.402193 0.601725 0.0429232 0.265874
0 0.376543 0.561796 0.0229396 0.186208
0 0.725692 0.472537 0.0155009 0.115814
0 0.960818 0.675979 0.078051 0.490529
0 0.318556 0.552657 0.0247372 0.247075
0 0.35863 0.559516 0.0208386 0.213184
2 0.826508 0.54598 0.0815738 0.103268
2 0.903099 0.555973 0.0850763 0.108614
0 0.217066 0.542146 0.0245739 0.227769
2 0.505107 0.508287 0.02867 0.083083
0 0.23171 0.511551 0.0151945 0.180391
0 0.279728 0.555155 0.0201592 0.194194
0 0.976967 0.676004 0.0459198 0.441332
0 0.249426 0.549883 0.0216142 0.20814
0 0.986223 0.651568 0.0275538 0.372812
2 0.93652 0.535127 0.0277676 0.0634976
2 0.0826967 0.504081 0.0361583 0.0831079
2 0.476344 0.495755 0.0217609 0.0592093
0 0.432778 0.483772 0.00849645 0.0692297
2 0.938078 0.544994 0.0311066 0.0840716
0 0.262354 0.535821 0.0173698 0.167735
