2 0.117291 0.802833 0.23431 0.387014
0 0.75111 0.620578 0.0497407 0.454456
2 0.379719 0.500997 0.0282201 0.0709598
0 0.723488 0.617514 0.028584 0.412831
0 0.295554 0.597812 0.0375159 0.268521
0 0.264 0.617616 0.0288825 0.291261
0 0.796982 0.636365 0.0662985 0.426903
0 0.507724 0.585214 0.037903 0.309125
0 0.830801 0.64612 0.0580093 0.38277
0 0.309411 0.549839 0.0251786 0.207248
0 0.19092 0.528869 0.0224791 0.198945
2 0.902248 0.553648 0.082193 0.102412
0 0.275029 0.545146 0.0226121 0.220525
0 0.219255 0.539318 0.0184125 0.17849
2 0.850256 0.544093 0.0317247 0.0809002
0 0.231624 0.515821 0.0149645 0.187101
0 0.246611 0.525647 0.0158027 0.186601
2 0.952475 0.553413 0.0560326 0.0956176
0 0.269189 0.53688 0.0157975 0.214095
0 0.257948 0.527601 0.0173318 0.181806
0 0.267727 0.518542 0.0131429 0.177413
1 0.0347377 0.515524 0.0310333 0.106608
2 0.0826918 0.503803 0.0360928 0.083892
