2 0.117279 0.802865 0.234324 0.386756
0 0.737483 0.620662 0.0544628 0.425272
2 0.379774 0.5012 0.0282146 0.0712472
0 0.270608 0.597359 0.0391557 0.276898
0 0.242887 0.596009 0.0297478 0.259481
0 0.489316 0.588694 0.0364115 0.304644
0 0.773565 0.6314 0.0499407 0.423287
0 0.801852 0.63081 0.030533 0.361227
2 0.902556 0.553603 0.0821312 0.102923
0 0.188949 0.524893 0.0242568 0.195984
0 0.302315 0.543803 0.0209851 0.20298
0 0.216521 0.530997 0.0188966 0.181979
2 0.839113 0.543279 0.0550997 0.0958524
0 0.245412 0.529859 0.0179295 0.177284
0 0.280971 0.525205 0.0151606 0.171504
0 0.270161 0.533071 0.0213323 0.193471
2 0.952458 0.553063 0.056892 0.0950084
2 0.847018 0.547075 0.0400991 0.0862804
0 0.264576 0.545194 0.0241247 0.222329
2 0.0827142 0.504282 0.036124 0.0827817
2 0.949719 0.540027 0.054361 0.075032
0 0.256328 0.52261 0.0145708 0.17663
0 0.23493 0.528107 0.0153873 0.179035
0 0.260848 0.528764 0.0211151 0.184608
2 0.495497 0.515658 0.0476761 0.10055
2 0.143958 0.51155 0.0384275 0.0463741
