2 0.117341 0.803051 0.234399 0.386496
2 0.379796 0.501141 0.0282443 0.071211
0 0.228842 0.628135 0.0541464 0.32105
0 0.253537 0.58918 0.0348163 0.267662
1 0.976875 0.563181 0.0461808 0.17264
1 0.97694 0.517793 0.0455868 0.285925
0 0.474076 0.576718 0.0379799 0.29562
0 0.78248 0.628015 0.0524962 0.358269
2 0.902162 0.553175 0.082924 0.102421
0 0.185873 0.522773 0.0236619 0.194716
0 0.759705 0.62506 0.0314644 0.401109
2 0.823801 0.545075 0.085387 0.101995
2 0.505302 0.507767 0.0284153 0.0838845
0 0.264075 0.537223 0.0219811 0.209006
0 0.295674 0.543442 0.0190525 0.203476
0 0.214686 0.528415 0.0192865 0.180733
0 0.280931 0.519379 0.0152467 0.169651
2 0.951149 0.550691 0.054602 0.0918052
0 0.256597 0.532613 0.0130988 0.207001
0 0.23779 0.524599 0.0168822 0.179702
0 0.379678 0.501856 0.00907975 0.0990728
2 0.0827059 0.503989 0.0360737 0.0833228
0 0.240899 0.526794 0.0186395 0.185654
0 0.308279 0.483473 0.0121976 0.101044
