2 0.117217 0.802859 0.234154 0.38675
0 0.886467 0.593267 0.0673596 0.454629
0 0.844486 0.607722 0.0449085 0.401915
0 0.356042 0.635087 0.0424216 0.339795
0 0.382138 0.625429 0.0426232 0.301131
2 0.381052 0.49558 0.0235812 0.0657474
0 0.376498 0.624763 0.0311615 0.28199
0 0.725753 0.471126 0.0150354 0.117461
0 0.31005 0.554579 0.0342135 0.240437
0 0.353735 0.552898 0.0268493 0.216252
0 0.959028 0.676332 0.0736781 0.437871
2 0.826337 0.546031 0.0811436 0.102904
0 0.244595 0.542453 0.0268315 0.217741
0 0.210487 0.541695 0.023967 0.22308
2 0.888632 0.553568 0.0573898 0.10562
0 0.921899 0.645337 0.065192 0.457063
2 0.505268 0.508192 0.0285916 0.0827173
0 0.229312 0.522266 0.0186838 0.193609
0 0.269428 0.549035 0.0235746 0.20305
0 0.285709 0.534721 0.0185039 0.179735
0 0.433958 0.479391 0.00920998 0.0699948
2 0.082836 0.50407 0.0359955 0.0829071
