2 0.1172 0.802771 0.234155 0.387207
0 0.337607 0.602076 0.0482507 0.271982
2 0.379661 0.500911 0.028072 0.0708639
0 0.815749 0.611174 0.0526533 0.457067
0 0.783221 0.618259 0.0405355 0.40828
0 0.306379 0.62264 0.0264855 0.311752
0 0.727528 0.473776 0.0146553 0.111753
0 0.890831 0.657767 0.0603137 0.398003
0 0.853956 0.641954 0.0666331 0.455428
0 0.196252 0.536344 0.0259453 0.20949
2 0.818338 0.547619 0.0648517 0.104478
0 0.329818 0.55169 0.0240309 0.207825
0 0.290002 0.554883 0.0297972 0.221279
0 0.259479 0.541594 0.0221624 0.192527
2 0.9154 0.554999 0.0540432 0.0972128
2 0.504875 0.508106 0.0289414 0.0828016
0 0.2288 0.548208 0.0194427 0.185451
0 0.24516 0.532356 0.0145678 0.170792
2 0.95213 0.554567 0.0556002 0.0986624
2 0.0827628 0.504146 0.0359954 0.0826123
0 0.27233 0.525842 0.0150354 0.162841
0 0.437498 0.48771 0.00923765 0.0718781
