2 0.117167 0.803808 0.234334 0.386126
0 0.912019 0.568875 0.0640686 0.401806
1 0.797432 0.607318 0.0828288 0.199019
2 0.379761 0.501449 0.0282601 0.0712466
0 0.193265 0.602888 0.0414393 0.262301
0 0.168574 0.617482 0.0373235 0.271322
2 0.768822 0.49059 0.049739 0.0956877
2 0.779801 0.487928 0.0707068 0.100736
0 0.423067 0.563468 0.0305348 0.265459
2 0.902193 0.553465 0.0830477 0.103358
2 0.826473 0.545754 0.08191 0.10199
1 0.0537791 0.84368 0.107366 0.305695
0 0.184638 0.516668 0.0209688 0.180385
0 0.209642 0.518219 0.0204985 0.172091
2 0.50499 0.50875 0.0290203 0.0839713
2 0.951676 0.552491 0.0558077 0.095575
0 0.280795 0.524099 0.0185571 0.163015
0 0.252727 0.51536 0.0213306 0.168328
0 0.235081 0.519077 0.0165693 0.167115
0 0.245672 0.519188 0.0167741 0.171056
2 0.13874 0.50909 0.0405143 0.0548598
2 0.95142 0.537815 0.0558727 0.0684183
