2 0.117235 0.802747 0.234189 0.387264
0 0.846917 0.610618 0.0774628 0.429768
2 0.379913 0.500689 0.0275165 0.0712247
0 0.801427 0.620386 0.0615296 0.400631
0 0.324363 0.615072 0.0503563 0.286139
0 0.348941 0.599447 0.031362 0.278334
0 0.72597 0.470687 0.0139502 0.112033
0 0.338556 0.55074 0.0296903 0.217771
0 0.295787 0.554073 0.0289826 0.231779
0 0.200781 0.53808 0.025836 0.206758
2 0.82615 0.547592 0.0810862 0.105604
0 0.907905 0.664123 0.0464739 0.410329
0 0.87681 0.646215 0.0547981 0.466405
0 0.26315 0.540606 0.0236734 0.206116
2 0.505158 0.507966 0.0283074 0.0831781
0 0.231859 0.532156 0.0194879 0.206012
0 0.247143 0.526566 0.0178136 0.195848
2 0.0828244 0.503913 0.036015 0.0831646
2 0.950519 0.555856 0.0565961 0.0991552
0 0.379863 0.498288 0.00909175 0.102635
0 0.437061 0.488816 0.00915697 0.0685534
0 0.281402 0.523281 0.0144318 0.193037
0 0.889312 0.65208 0.0841447 0.454371
