2 0.117198 0.803213 0.234396 0.387087
0 0.924943 0.564081 0.062283 0.400566
0 0.204204 0.603545 0.0437858 0.264849
2 0.379788 0.500891 0.0283241 0.0707785
1 0.839862 0.597647 0.0890512 0.199851
2 0.761699 0.484284 0.0906387 0.102371
0 0.176376 0.60077 0.0261321 0.253954
0 0.43947 0.571932 0.0373322 0.277753
2 0.902011 0.553808 0.0832408 0.103926
2 0.82642 0.546015 0.081628 0.102538
0 0.281301 0.534692 0.0194326 0.186446
0 0.208932 0.522752 0.0187044 0.171824
0 0.185704 0.51728 0.0193514 0.182524
2 0.504869 0.508733 0.0288155 0.0836559
0 0.236502 0.522634 0.0170014 0.1683
0 0.253998 0.51905 0.0225023 0.174803
2 0.951307 0.552716 0.0551998 0.0955167
0 0.26619 0.511413 0.0145934 0.162104
2 0.0827558 0.504111 0.0361911 0.0834336
