2 0.117348 0.802952 0.234429 0.386482
0 0.261052 0.600152 0.0451778 0.27157
2 0.37974 0.500985 0.0282272 0.0709653
1 0.9853 0.567703 0.029273 0.160598
0 0.22984 0.57424 0.0266733 0.210263
0 0.231418 0.619382 0.0455183 0.30549
0 0.721841 0.474953 0.014044 0.104302
0 0.786815 0.627075 0.0538238 0.374787
0 0.483356 0.581935 0.0404131 0.304208
2 0.902274 0.553292 0.0829357 0.102704
0 0.186336 0.525093 0.0236543 0.193466
2 0.829348 0.543511 0.0734368 0.0969196
0 0.214987 0.531676 0.0190297 0.177564
0 0.29842 0.543091 0.02236 0.201203
0 0.760131 0.6201 0.0327417 0.416793
2 0.505439 0.508298 0.0291498 0.0848507
0 0.241425 0.528646 0.0182491 0.184631
0 0.281705 0.517395 0.015264 0.169556
0 0.266375 0.540687 0.0237375 0.213641
2 0.951255 0.5508 0.0549758 0.0917564
0 0.255151 0.515531 0.0126935 0.172764
2 0.0827572 0.504033 0.03599 0.0832225
0 0.770431 0.625821 0.0497416 0.398058
0 0.269233 0.52525 0.0195719 0.189737
0 0.379766 0.501299 0.00889749 0.0970292
0 0.262109 0.529385 0.0223318 0.193646
2 0.142275 0.514232 0.0342888 0.0430774
