2 0.117195 0.802634 0.234165 0.387349
0 0.900372 0.590897 0.0549133 0.410176
0 0.936958 0.575885 0.0561781 0.470751
2 0.378336 0.501397 0.0250211 0.0694684
0 0.394461 0.611692 0.0497357 0.298515
0 0.412733 0.6038 0.0311211 0.262392
0 0.418827 0.62793 0.0575819 0.313311
0 0.329671 0.558754 0.0335265 0.245082
0 0.222733 0.547535 0.0331475 0.23221
0 0.971782 0.675157 0.0564353 0.492578
2 0.902597 0.554293 0.0818943 0.104496
2 0.826693 0.54618 0.0820116 0.103036
0 0.368227 0.555387 0.024875 0.226035
2 0.950792 0.555064 0.0539845 0.102436
0 0.285724 0.549602 0.0273253 0.214108
0 0.256744 0.557809 0.0243683 0.207047
2 0.505085 0.508221 0.0289151 0.0830062
2 0.0827028 0.504427 0.0360152 0.0819865
0 0.270457 0.530058 0.0163999 0.176794
0 0.244264 0.523515 0.016657 0.184824
2 0.477478 0.496169 0.0239843 0.0575271
2 0.142038 0.51204 0.0345477 0.0472707
