2 0.117199 0.803146 0.23412 0.386316
0 0.910925 0.595401 0.0951734 0.450358
0 0.391657 0.59938 0.033828 0.273922
0 0.865785 0.600897 0.0705678 0.404636
0 0.368146 0.620626 0.049543 0.315687
0 0.725631 0.472978 0.0152161 0.114673
0 0.355806 0.558947 0.0227416 0.211978
0 0.313073 0.557137 0.0295601 0.235998
2 0.826585 0.546362 0.0816605 0.103274
2 0.900333 0.556193 0.0797493 0.109035
0 0.951447 0.666192 0.0632483 0.492308
0 0.976624 0.686699 0.0437602 0.444
0 0.215276 0.542613 0.0209469 0.22153
2 0.504995 0.507909 0.0291103 0.0829948
0 0.248324 0.542292 0.0239795 0.219312
0 0.23024 0.51951 0.0162808 0.188801
0 0.277882 0.55391 0.0210867 0.197608
0 0.433816 0.480843 0.0095144 0.0708401
0 0.280886 0.547134 0.0169842 0.185224
2 0.476911 0.495425 0.0219425 0.0582654
2 0.0827877 0.504141 0.0362361 0.082876
0 0.435024 0.485944 0.00957698 0.0726329
0 0.262605 0.520683 0.0182508 0.17577
0 0.283626 0.538677 0.0160913 0.175913
