2 0.117298 0.802928 0.234302 0.386864
0 0.24464 0.609868 0.0304729 0.308946
2 0.379771 0.500838 0.028302 0.07076
0 0.21916 0.612769 0.0398412 0.283561
1 0.967116 0.557312 0.0652005 0.194503
0 0.721985 0.474916 0.0144995 0.102316
0 0.46529 0.587511 0.0353668 0.276349
2 0.902136 0.553507 0.0831596 0.103366
2 0.82583 0.545516 0.081263 0.101522
0 0.769684 0.625345 0.045085 0.352757
0 0.185839 0.518195 0.0232422 0.194482
2 0.505359 0.508985 0.02894 0.0849138
0 0.261441 0.535534 0.0245252 0.208978
0 0.214192 0.528556 0.0197122 0.179341
2 0.951324 0.552434 0.0547047 0.0944574
0 0.23769 0.52784 0.0182394 0.179194
0 0.293549 0.541457 0.0197832 0.194359
0 0.280864 0.517819 0.0159356 0.167726
2 0.0827115 0.504036 0.0360143 0.0834254
0 0.379639 0.501929 0.00897436 0.0992681
2 0.165013 0.484806 0.0303525 0.0906682
0 0.308289 0.48258 0.0127156 0.100211
0 0.26437 0.524184 0.0206696 0.190361
