2 0.117129 0.803236 0.234258 0.387068
0 0.959645 0.552433 0.0609421 0.420672
1 0.883392 0.586 0.0847523 0.190484
2 0.379789 0.50096 0.0282663 0.0709835
2 0.744128 0.487064 0.0646309 0.0943643
0 0.190521 0.619595 0.0379305 0.28888
0 0.213197 0.604774 0.0278423 0.285676
0 0.447028 0.572645 0.0394781 0.28087
2 0.902448 0.553491 0.0825314 0.103302
2 0.826563 0.545941 0.0815956 0.102394
0 0.284258 0.534066 0.0236176 0.201636
0 0.209565 0.521231 0.0198393 0.173959
0 0.18588 0.515207 0.0209754 0.191779
0 0.236924 0.520591 0.0175756 0.172733
0 0.254622 0.523652 0.0220218 0.190028
2 0.504985 0.509344 0.0285582 0.0864031
2 0.951884 0.55249 0.0557414 0.0955802
0 0.267498 0.507756 0.0120783 0.160762
