2 0.117291 0.803017 0.23431 0.386303
0 0.940238 0.551578 0.0446873 0.408926
2 0.379755 0.501227 0.02829 0.0712171
2 0.75149 0.485575 0.0809103 0.100317
0 0.208647 0.603603 0.0416405 0.27871
1 0.860055 0.594015 0.088176 0.196219
0 0.181619 0.609863 0.0318288 0.2763
0 0.443005 0.57247 0.0398148 0.280374
2 0.902512 0.553546 0.0824595 0.103143
2 0.826268 0.54654 0.0806742 0.102999
0 0.281461 0.533744 0.0195164 0.187247
0 0.208332 0.519852 0.0191077 0.177311
0 0.185404 0.515997 0.0205693 0.189344
0 0.254786 0.5177 0.0213819 0.171685
2 0.504865 0.50849 0.029069 0.0846595
0 0.23698 0.52341 0.0176648 0.168611
2 0.952287 0.553446 0.0573551 0.0963699
0 0.266269 0.510895 0.0126921 0.159748
2 0.0828137 0.503832 0.0359383 0.0836441
