2 0.117225 0.802642 0.234217 0.387513
0 0.783467 0.623958 0.0824827 0.445591
2 0.379716 0.500957 0.0281617 0.0710178
0 0.306798 0.601906 0.037845 0.270975
0 0.746207 0.625536 0.0701248 0.394992
0 0.276427 0.59095 0.029315 0.243376
0 0.734441 0.625834 0.0462147 0.391793
0 0.277116 0.549577 0.0253672 0.225072
0 0.84352 0.645601 0.0523175 0.39904
0 0.517865 0.598664 0.0426385 0.290478
2 0.902829 0.553305 0.0811169 0.102741
0 0.319304 0.549066 0.0223655 0.213758
0 0.192216 0.53316 0.0211897 0.201509
0 0.821392 0.634123 0.0399475 0.423846
0 0.222538 0.538642 0.0209949 0.185264
2 0.503824 0.50826 0.0255621 0.0828195
0 0.252919 0.537596 0.0197682 0.190154
0 0.235674 0.523687 0.017085 0.177694
2 0.95228 0.553749 0.0562543 0.0966895
0 0.438685 0.486354 0.00909808 0.0672864
0 0.379812 0.497035 0.00945364 0.104861
2 0.0827539 0.504137 0.0360433 0.0830955
0 0.227158 0.532979 0.0291725 0.192239
2 0.142265 0.51424 0.0337753 0.0425553
