2 0.117443 0.802967 0.234886 0.386186
1 0.780076 0.617349 0.0870395 0.192125
2 0.379762 0.500807 0.0282798 0.0705287
0 0.166417 0.620118 0.0419243 0.277616
0 0.891602 0.566047 0.0432144 0.410415
0 0.182587 0.602489 0.0327903 0.266653
2 0.789899 0.48091 0.0898822 0.10455
2 0.805074 0.477859 0.0732449 0.0978242
0 0.416486 0.569673 0.0343112 0.256172
1 0.0751218 0.816104 0.150244 0.361724
2 0.902342 0.553552 0.082651 0.103422
2 0.826414 0.546027 0.0814627 0.102134
0 0.209636 0.517997 0.019437 0.170087
2 0.505006 0.508501 0.0288065 0.0833303
0 0.280389 0.531662 0.0198435 0.174299
0 0.184447 0.514765 0.0188773 0.17733
2 0.952061 0.552985 0.0561147 0.0957379
0 0.264399 0.518267 0.0152236 0.142864
0 0.248037 0.52737 0.0223941 0.18403
0 0.232958 0.508318 0.0137367 0.139904
0 0.262188 0.51733 0.0159539 0.155738
