2 0.1172 0.803733 0.234399 0.386379
1 0.95739 0.568065 0.0822381 0.187293
2 0.379745 0.501017 0.0282599 0.0710427
0 0.208734 0.611088 0.0343589 0.28727
0 0.238802 0.599165 0.0306231 0.272231
0 0.723192 0.473819 0.0175406 0.113476
0 0.46268 0.58304 0.040139 0.282216
2 0.826344 0.546553 0.0804638 0.102957
2 0.90225 0.553665 0.0828594 0.103301
0 0.760724 0.63401 0.0334831 0.377577
0 0.185744 0.519309 0.0230526 0.191816
0 0.25859 0.536841 0.0237202 0.208938
0 0.21247 0.529078 0.0195248 0.174331
2 0.505097 0.509077 0.0291601 0.0849245
0 0.238699 0.527024 0.0186984 0.169979
2 0.951612 0.552444 0.0550301 0.094605
0 0.293926 0.539105 0.0193382 0.193822
0 0.28217 0.513909 0.016553 0.171108
0 0.270506 0.466202 0.012452 0.0782658
0 0.380312 0.505325 0.00835523 0.0897521
2 0.0827511 0.50388 0.0360252 0.0836222
2 0.163239 0.486277 0.0327576 0.0910322
2 0.151753 0.487756 0.0543939 0.0920557
