2 0.117162 0.803596 0.234324 0.386615
1 0.900557 0.583739 0.0908617 0.191215
0 0.965104 0.555244 0.0697928 0.416618
0 0.220683 0.602369 0.0313286 0.278664
2 0.379755 0.501056 0.0282728 0.0709612
2 0.736655 0.487421 0.0502124 0.0978175
0 0.195564 0.618663 0.035972 0.285427
0 0.450287 0.570471 0.0306559 0.281909
2 0.902192 0.553444 0.083007 0.102852
2 0.826544 0.545846 0.0811234 0.102072
0 0.284862 0.536053 0.0236148 0.200153
0 0.185783 0.518126 0.021274 0.186766
0 0.209893 0.524618 0.0192316 0.173292
0 0.254658 0.531399 0.0205378 0.208592
2 0.50505 0.508876 0.0289207 0.085128
0 0.237575 0.521641 0.0172065 0.181328
2 0.951674 0.55202 0.0554134 0.0942245
0 0.754367 0.631874 0.020631 0.325833
2 0.0827132 0.504108 0.0360915 0.0833788
