2 0.117204 0.803088 0.234142 0.386583
0 0.964177 0.581075 0.0716467 0.463012
0 0.911794 0.589663 0.0557652 0.406275
2 0.379816 0.501325 0.0283345 0.0721855
0 0.425064 0.596768 0.0290945 0.283513
0 0.400778 0.603209 0.0289505 0.284845
0 0.405954 0.614838 0.0380929 0.308124
0 0.334683 0.558664 0.0308788 0.252146
0 0.375846 0.560326 0.0332439 0.225966
2 0.902375 0.553769 0.08219 0.103777
2 0.82663 0.54588 0.0819391 0.103139
0 0.230659 0.548156 0.0264647 0.228141
0 0.28994 0.551869 0.0202331 0.214186
2 0.505058 0.507777 0.0289042 0.0825111
0 0.265263 0.549712 0.0218182 0.218065
2 0.951428 0.551705 0.0551565 0.0942897
0 0.248579 0.533464 0.0194364 0.193512
2 0.082704 0.50396 0.0359861 0.0829302
0 0.285064 0.545665 0.0203534 0.203998
2 0.951282 0.537152 0.0553389 0.0675921
