2 0.117271 0.802872 0.234207 0.386924
0 0.791809 0.623923 0.0829861 0.456935
0 0.32342 0.59774 0.035496 0.275346
2 0.379695 0.501045 0.028135 0.0709946
0 0.754281 0.623034 0.057889 0.395641
0 0.291018 0.630611 0.0502227 0.320253
0 0.841617 0.639577 0.0752502 0.434674
0 0.282818 0.54873 0.0269129 0.226056
0 0.323678 0.548164 0.0241802 0.216758
0 0.526464 0.593903 0.0243813 0.313328
0 0.193766 0.530195 0.0227946 0.214188
2 0.504277 0.51056 0.0272051 0.086532
2 0.906205 0.55321 0.0733248 0.100388
0 0.864072 0.640963 0.0396537 0.382385
2 0.807423 0.548289 0.0436112 0.100465
0 0.228713 0.529012 0.0199017 0.192673
0 0.256484 0.536656 0.0185397 0.178112
2 0.950922 0.55219 0.0544758 0.0945781
0 0.438678 0.484709 0.00891328 0.0647438
0 0.241814 0.526227 0.0127129 0.17465
2 0.0826777 0.503979 0.0360436 0.083473
